#positiondiode, Intensität in nA


-31   2.8
-30   3.0
-29   4.7
-28   7.2
-27  10.9
-26  12.4
-25  18.0
-24  24.5
-23  30.5
-22  35.0
-21  41.0
-20  54.0
-19  69.0
-18  78.0
-17  87.0
-16  91.0
-15  93.0
-14  92.0
-13  92.0
-12  85.0
-11  78.0
-10  68.0
 -9  52.0
 -8  35.0
 -7  19.5
 -6   8.5
 -5   1.7
 -4   0.5
 -3   2.3
 -2   8.0
 -1  15.0
  0  25.0
  1  36.0
  2  47.0
  3  58.0
  4  68.0
  5  75.0
  6  80.0
  7  78.0
  8  77.0
  9  69.0
 10  67.0
 11  66.0
 12  57.0
 13  51.0
 14  46.0
 15  35.0
 16  26.0
 17  21.0
 18  13.0
 19   9.0
 20   4.8
 21   2.6
 22   1.3
 23   0.7
 24   0.6
 25   0.7
 26   0.8
 27   0.8
 28   0.7
 29   0.5
 30   0.2
 31   0.2
