$SPEC_ID:
No sample description was entered.
$SPEC_REM:
DET# 1
DETDESC# PRAK01 Easy-MCA-2k SN 15071856
AP# Maestro Version 7.01
$DATE_MEA:
10/05/2002 00:04:01
$MEAS_TIM:
300 300
$DATA:
0 511
       0
       0
       0
       0
       0
       0
       1
       0
       0
       1
       0
       0
       0
       1
       0
       2
       1
       0
      24
     722
     816
     811
     862
     864
     904
     900
     922
     989
     994
    1008
    1004
    1016
    1032
    1131
    1088
    1094
    1200
    1189
    1225
    1250
    1185
    1205
    1210
    1139
    1058
    1106
    1056
    1073
    1007
     980
    1014
    1021
     973
     963
    1064
     984
     951
     934
     920
     862
     965
     954
     922
     950
     956
     964
     957
     905
     865
     885
     931
     905
     959
     960
    1001
     975
    1027
    1001
     967
     916
     876
     817
     864
     708
     644
     620
     513
     514
     439
     394
     404
     393
     346
     347
     335
     376
     343
     367
     363
     349
     383
     395
     375
     387
     431
     476
     645
     833
    1157
    1622
    2334
    3205
    4155
    5489
    6277
    6822
    6728
    6532
    5505
    4312
    3213
    2239
    1401
     801
     431
     189
     102
      54
      16
       8
       8
      11
       5
       9
       7
       7
       9
       5
       8
       6
       9
       5
      10
      11
      10
       7
      12
       9
       9
      10
       5
       6
      11
       8
      10
       2
      10
       9
       9
       6
       5
       6
       7
       7
       7
      12
       7
       7
       8
       5
       5
       6
       7
       2
       5
       3
       3
       5
       7
       4
       4
       4
       2
       6
       0
       4
       8
      11
       7
       2
       4
       8
       3
       7
       1
       6
       3
       3
       3
       1
       2
       0
       6
       4
       1
      12
       3
       5
       4
       2
       4
       5
       2
       3
       2
       3
       5
       1
       1
       2
       5
       1
       2
       3
       2
       4
       3
       4
       4
       2
       2
       5
       3
       3
       5
       1
       5
       2
       2
       5
       7
       6
       6
       4
      10
       5
       7
       1
       6
       2
       2
       2
       1
       1
       5
       1
       3
       1
       2
       0
       3
       0
       1
       1
       0
       0
       0
       0
       1
       1
       1
       0
       2
       0
       1
       1
       0
       1
       0
       2
       1
       1
       1
       0
       0
       0
       2
       3
       0
       3
       0
       0
       0
       1
       1
       0
       0
       1
       2
       0
       0
       0
       1
       0
       0
       0
       1
       0
       1
       1
       0
       0
       1
       0
       1
       0
       1
       0
       0
       0
       0
       0
       1
       0
       0
       0
       0
       1
       0
       1
       1
       2
       0
       1
       0
       1
       1
       0
       1
       0
       0
       1
       0
       0
       1
       1
       0
       2
       0
       1
       3
       1
       1
       0
       0
       0
       1
       1
       1
       0
       0
       1
       0
       1
       0
       0
       1
       0
       0
       0
       0
       0
       0
       0
       0
       1
       2
       1
       0
       1
       1
       0
       0
       0
       1
       0
       0
       0
       0
       1
       0
       1
       1
       0
       0
       1
       0
       0
       0
       0
       0
       0
       1
       0
       1
       0
       0
       1
       0
       1
       0
       0
       0
       1
       1
       1
       0
       1
       1
       2
       0
       0
       1
       1
       1
       1
       0
       1
       0
       0
       0
       1
       0
       2
       0
       1
       0
       0
       0
       1
       0
       0
       0
       0
       0
       0
       0
       0
       0
       0
       0
       0
       0
       0
       0
       0
       0
       0
       0
       0
       0
       0
       0
       0
       0
       0
       0
       0
       0
       0
       1
       0
       0
       0
       0
       0
       0
       1
       0
       0
       0
       0
       0
       0
       0
       0
       0
       0
       0
       0
       0
       0
       0
       0
       0
       0
       0
       0
       0
       0
       0
       0
       0
       0
       0
       0
       0
       0
       0
       0
       0
       0
$ROI:
0
$PRESETS:
Live Time
300
0
$ENER_FIT:
0.000000 0.000000
$MCA_CAL:
3
0.000000E+000 0.000000E+000 0.000000E+000 
$SHAPE_CAL:
3
0.000000E+000 0.000000E+000 0.000000E+000
