$SPEC_ID:
No sample description was entered.
$SPEC_REM:
DET# 1
DETDESC# PRAK01 Easy-MCA-2k SN 15071856
AP# Maestro Version 7.01
$DATE_MEA:
10/05/2002 02:27:21
$MEAS_TIM:
300 300
$DATA:
0 511
       0
       0
       0
       0
       0
       0
       0
       0
       1
       0
       0
       0
       0
       0
       0
       1
       0
       0
       9
     344
     382
     432
     419
     508
     463
     539
     532
     532
     553
     537
     554
     523
     519
     592
     580
     589
     647
     648
     644
     629
     670
     633
     601
     598
     573
     608
     577
     581
     562
     504
     551
     500
     559
     502
     480
     528
     514
     455
     480
     471
     476
     495
     492
     494
     519
     510
     496
     472
     496
     486
     457
     483
     513
     453
     493
     474
     513
     505
     507
     488
     473
     445
     419
     370
     349
     310
     260
     255
     244
     228
     224
     208
     194
     197
     158
     182
     176
     173
     186
     183
     214
     207
     210
     227
     247
     213
     316
     397
     528
     782
    1139
    1501
    2212
    2693
    3136
    3355
    3521
    3335
    2820
    2253
    1675
    1216
     760
     442
     236
     112
      52
      21
      24
      13
      12
      12
      11
       3
       4
       8
       7
       8
      11
       4
       6
       8
       5
       5
       3
       5
       2
       4
       4
       3
      10
       3
       3
       6
       7
       7
      10
       8
       3
       7
       9
       5
       7
       8
       9
       6
       4
       9
       5
       2
       4
       7
       4
       2
       2
       5
       4
       2
       3
       5
       2
       6
       5
       2
      10
       2
       2
       5
       8
       1
       9
       3
       5
       4
       8
       4
       1
       2
       6
       2
       6
       7
       3
       4
       0
       0
       3
       3
       2
       3
       1
       3
       2
       0
       3
       5
       2
       3
       2
       8
       4
       3
       0
       2
       1
       1
       3
       2
       3
       6
       2
       5
       0
       1
       4
       3
       4
       6
       2
       7
       7
       5
       5
       3
       3
       7
       5
       5
       3
       1
       3
       2
       2
       3
       1
       4
       1
       0
       0
       2
       0
       1
       3
       0
       1
       1
       1
       0
       3
       2
       1
       0
       1
       1
       1
       0
       1
       0
       1
       1
       1
       2
       1
       1
       3
       0
       0
       0
       2
       1
       3
       2
       0
       1
       0
       1
       1
       1
       0
       0
       0
       0
       1
       1
       1
       1
       0
       0
       0
       2
       0
       1
       0
       1
       0
       2
       1
       1
       0
       0
       1
       0
       0
       0
       0
       0
       0
       1
       0
       1
       1
       0
       0
       1
       2
       1
       0
       2
       0
       0
       0
       1
       0
       0
       0
       0
       0
       1
       1
       2
       0
       0
       0
       1
       0
       0
       1
       0
       0
       1
       1
       0
       0
       2
       0
       0
       0
       1
       0
       0
       0
       0
       0
       1
       0
       1
       0
       2
       0
       0
       1
       0
       0
       1
       1
       1
       0
       0
       2
       0
       0
       1
       0
       0
       1
       0
       1
       0
       0
       0
       0
       1
       1
       0
       0
       1
       0
       1
       0
       1
       0
       1
       0
       1
       0
       0
       1
       1
       1
       1
       0
       2
       3
       0
       0
       0
       1
       1
       2
       0
       0
       0
       1
       1
       0
       0
       0
       1
       0
       1
       1
       0
       0
       0
       0
       0
       0
       0
       0
       0
       0
       0
       0
       0
       0
       0
       0
       0
       0
       0
       0
       0
       0
       0
       0
       0
       0
       0
       0
       0
       0
       0
       0
       0
       1
       0
       1
       0
       0
       0
       0
       0
       0
       0
       0
       0
       0
       0
       0
       0
       0
       0
       0
       0
       0
       0
       0
       0
       0
       0
       0
       0
       0
       0
       0
       0
       0
       0
       0
       0
       0
       0
$ROI:
1
105 124
$PRESETS:
Live Time
300
0
$ENER_FIT:
0.000000 0.000000
$MCA_CAL:
3
0.000000E+000 0.000000E+000 0.000000E+000 
$SHAPE_CAL:
3
0.000000E+000 0.000000E+000 0.000000E+000
