$SPEC_ID:
No sample description was entered.
$SPEC_REM:
DET# 1
DETDESC# PRAK01 Easy-MCA-2k SN 15071856
AP# Maestro Version 7.01
$DATE_MEA:
10/05/2002 00:52:49
$MEAS_TIM:
300 300
$DATA:
0 511
       0
       0
       0
       0
       0
       0
       0
       0
       0
       0
       0
       1
       1
       0
       0
       0
       0
       0
       0
      96
      97
     119
     126
     145
     151
     160
     153
     190
     182
     184
     202
     184
     193
     194
     189
     193
     203
     163
     196
     183
     205
     186
     163
     181
     165
     148
     168
     168
     156
     162
     145
     142
     134
     139
     131
     123
     136
     114
     135
     128
     110
     125
     123
     106
     111
     137
     123
      98
     102
     132
     113
     116
     111
     112
     115
     117
     113
     114
     111
     114
     116
     108
      97
      79
      75
      58
      61
      58
      64
      71
      51
      42
      44
      66
      45
      49
      43
      41
      57
      46
      41
      52
      47
      49
      57
      58
      83
     107
     135
     177
     239
     315
     447
     559
     634
     654
     617
     565
     472
     378
     293
     198
     119
      74
      45
      26
      18
       8
      13
      11
      15
      11
       4
       5
      11
       7
       5
       5
      10
       7
       6
       6
       7
       7
       9
       4
       3
       4
       7
       0
       5
       4
       8
       7
       3
       5
      11
       5
       7
       8
       7
       6
       9
       3
       7
       3
       7
       5
       5
       7
       4
       8
       4
       5
       5
       2
       2
       5
       4
       4
       2
       2
       4
       5
       2
       4
       5
       5
       2
       4
       8
       3
       3
       4
       1
       4
       1
       5
       3
       6
       6
       4
       1
       2
       0
       4
       6
       2
       3
       3
       0
       3
       5
       0
       3
       2
       4
       3
       5
       2
       4
       0
       2
       2
       2
       5
       2
       0
       2
       4
       2
       1
       1
       5
       5
       3
       4
       3
       6
       6
       8
       2
      13
       6
       4
       5
       5
       3
       5
       7
       3
       3
       2
       3
       1
       2
       1
       3
       2
       0
       1
       4
       2
       0
       0
       1
       1
       3
       1
       1
       1
       1
       2
       0
       0
       0
       1
       0
       0
       3
       1
       2
       1
       1
       1
       2
       1
       0
       1
       2
       1
       0
       0
       1
       0
       0
       1
       0
       1
       0
       3
       0
       1
       0
       0
       0
       2
       0
       0
       0
       0
       1
       0
       1
       0
       0
       0
       0
       0
       0
       1
       0
       0
       1
       0
       0
       0
       0
       2
       0
       1
       0
       2
       1
       1
       2
       0
       1
       1
       0
       1
       0
       0
       2
       0
       1
       0
       1
       0
       3
       1
       0
       0
       1
       0
       0
       3
       1
       0
       1
       1
       0
       0
       0
       1
       0
       0
       0
       0
       1
       1
       0
       0
       0
       0
       1
       1
       1
       0
       0
       0
       0
       0
       0
       0
       0
       1
       1
       1
       0
       1
       1
       1
       1
       0
       0
       1
       0
       0
       0
       0
       0
       0
       0
       1
       0
       0
       0
       0
       0
       1
       0
       0
       0
       1
       0
       2
       0
       1
       0
       0
       1
       1
       0
       1
       0
       1
       1
       2
       0
       1
       0
       0
       0
       2
       0
       0
       0
       0
       0
       0
       0
       1
       0
       0
       0
       0
       0
       0
       0
       0
       0
       0
       0
       0
       0
       0
       0
       0
       0
       0
       0
       0
       0
       0
       0
       0
       0
       0
       0
       0
       0
       1
       0
       0
       0
       0
       0
       0
       0
       0
       0
       0
       0
       2
       0
       0
       0
       0
       0
       0
       0
       0
       0
       0
       0
       0
       0
       0
       0
       0
       0
       0
       0
       0
       0
       0
       0
       0
       0
       0
       0
$ROI:
1
105 124
$PRESETS:
Live Time
300
0
$ENER_FIT:
0.000000 0.000000
$MCA_CAL:
3
0.000000E+000 0.000000E+000 0.000000E+000 
$SHAPE_CAL:
3
0.000000E+000 0.000000E+000 0.000000E+000
