$SPEC_ID:
No sample description was entered.
$SPEC_REM:
DET# 1
DETDESC# PRAK01 Easy-MCA-2k SN 15071856
AP# Maestro Version 7.01
$DATE_MEA:
10/05/2002 02:06:43
$MEAS_TIM:
300 300
$DATA:
0 511
       0
       0
       0
       0
       0
       0
       0
       0
       0
       0
       0
       0
       0
       0
       0
       0
       0
       0
      10
     296
     371
     417
     387
     398
     413
     457
     448
     471
     452
     457
     480
     474
     486
     494
     507
     489
     544
     547
     532
     517
     529
     508
     543
     488
     529
     506
     448
     499
     482
     450
     450
     459
     454
     462
     430
     469
     457
     406
     419
     449
     402
     413
     425
     436
     426
     401
     421
     399
     447
     410
     453
     397
     387
     430
     442
     420
     432
     432
     453
     448
     362
     414
     355
     297
     320
     298
     264
     197
     194
     180
     175
     169
     150
     153
     161
     131
     164
     144
     148
     145
     171
     179
     178
     162
     174
     205
     252
     335
     440
     667
     998
    1350
    1808
    2224
    2753
    2987
    3031
    2831
    2468
    1965
    1540
    1013
     681
     397
     216
      96
      52
      38
      17
      10
       7
       8
       6
       9
      12
       7
      10
       4
       7
       1
       9
       7
       5
       7
       6
       7
       8
       3
       9
       7
       2
       8
       5
       7
       7
       6
       6
      11
       8
       8
       9
       3
       3
       7
       6
       2
       8
       7
       6
       5
       6
       4
       4
       6
       6
       4
       4
       4
       3
       6
       6
       1
       7
       3
       2
       4
       3
       3
       3
       8
       3
       2
       3
       5
       7
       3
       3
       5
       3
       5
       3
       3
       3
       3
       5
       5
       2
       1
       2
       4
       3
       2
       1
       3
       5
       3
       1
       4
       2
       0
       3
       1
       2
       2
       2
       2
       4
       2
       4
       1
       0
       2
       2
       5
       5
       6
       3
       7
       2
       5
       7
       4
       9
       5
       5
       7
       0
       4
       4
       5
       5
       4
       3
       1
       4
       0
       1
       0
       4
       2
       3
       1
       0
       1
       2
       2
       2
       2
       0
       1
       0
       2
       0
       1
       0
       1
       0
       1
       2
       0
       0
       1
       1
       1
       2
       1
       1
       0
       1
       0
       2
       1
       2
       1
       1
       0
       2
       0
       1
       0
       0
       1
       2
       0
       1
       1
       0
       1
       0
       0
       0
       0
       0
       0
       0
       0
       1
       0
       1
       2
       0
       2
       1
       0
       1
       1
       0
       0
       0
       0
       1
       0
       0
       0
       0
       1
       1
       0
       1
       0
       1
       0
       2
       1
       0
       0
       1
       0
       1
       1
       1
       1
       0
       0
       0
       3
       1
       0
       0
       0
       2
       0
       2
       3
       0
       2
       0
       0
       0
       0
       2
       0
       0
       0
       0
       1
       1
       1
       0
       1
       0
       0
       1
       1
       0
       1
       0
       0
       0
       0
       2
       0
       1
       0
       0
       1
       0
       0
       0
       0
       0
       0
       0
       0
       0
       0
       0
       1
       0
       0
       0
       0
       0
       0
       0
       0
       0
       1
       1
       1
       2
       0
       1
       1
       0
       0
       1
       1
       0
       0
       0
       0
       2
       1
       0
       0
       0
       1
       2
       0
       0
       1
       0
       0
       0
       0
       0
       0
       0
       0
       0
       0
       0
       0
       0
       0
       0
       0
       0
       0
       0
       0
       0
       0
       0
       2
       0
       0
       0
       0
       0
       0
       1
       1
       0
       1
       0
       0
       0
       0
       0
       1
       0
       0
       0
       0
       0
       0
       0
       0
       0
       0
       0
       0
       0
       0
       0
       0
       0
       0
       0
       0
       0
       0
       0
       0
       0
       0
       0
       0
       0
       0
$ROI:
1
105 124
$PRESETS:
Live Time
300
0
$ENER_FIT:
0.000000 0.000000
$MCA_CAL:
3
0.000000E+000 0.000000E+000 0.000000E+000 
$SHAPE_CAL:
3
0.000000E+000 0.000000E+000 0.000000E+000
