$SPEC_ID:
No sample description was entered.
$SPEC_REM:
DET# 1
DETDESC# PRAK01 Easy-MCA-2k SN 15071856
AP# Maestro Version 7.01
$DATE_MEA:
10/05/2002 01:38:10
$MEAS_TIM:
300 300
$DATA:
0 511
       0
       0
       0
       0
       0
       0
       0
       0
       0
       0
       0
       0
       0
       0
       0
       0
       0
       0
       9
     221
     257
     258
     282
     270
     308
     296
     336
     343
     328
     327
     333
     318
     349
     363
     371
     327
     382
     402
     394
     370
     393
     365
     354
     329
     356
     335
     361
     317
     331
     330
     350
     304
     319
     315
     331
     313
     296
     298
     293
     287
     288
     311
     303
     288
     288
     288
     277
     299
     272
     288
     273
     324
     275
     292
     286
     291
     252
     290
     298
     255
     275
     254
     255
     213
     185
     161
     177
     148
     145
     149
     130
     134
     103
     117
     114
     130
     102
     105
      97
     113
     130
     136
     122
     116
     139
     166
     177
     232
     324
     480
     716
    1024
    1334
    1647
    1910
    2039
    2101
    1966
    1688
    1376
     986
     676
     422
     246
     135
      58
      47
      11
      13
       4
       8
      11
       5
       5
      10
       3
       6
       8
       6
       8
       7
       8
       6
      10
       4
       9
       9
       8
      10
       9
      11
      11
       3
       5
       4
       6
       5
       7
       7
       6
       4
       3
       1
       4
       5
       5
       8
       9
       3
       5
       8
       7
       4
       4
       4
       4
       3
       3
       5
       2
       8
       6
       4
       0
       5
       6
       3
       5
       3
       6
       1
       6
       3
       4
       4
       6
       6
       6
       5
       5
       4
       5
       0
       3
       5
       6
       1
       1
       3
       3
       2
       2
       5
       5
       0
       4
       4
       5
       2
       3
       2
       3
       3
       2
       1
       4
       3
       3
       1
       3
       4
       2
       2
       5
       2
       3
       4
       7
       2
       5
       6
       3
       3
       6
       3
       6
       3
       4
       8
       6
       1
       4
       0
       0
       1
       1
       0
       1
       1
       1
       1
       3
       0
       0
       1
       2
       0
       0
       1
       2
       0
       1
       0
       0
       0
       2
       1
       1
       1
       0
       0
       2
       1
       1
       4
       0
       0
       1
       1
       1
       2
       1
       0
       1
       1
       0
       1
       2
       0
       0
       0
       1
       0
       1
       1
       1
       1
       1
       0
       0
       1
       1
       0
       0
       1
       1
       0
       2
       3
       0
       1
       0
       0
       1
       0
       0
       0
       0
       0
       0
       0
       0
       0
       0
       0
       0
       1
       0
       2
       1
       0
       1
       0
       0
       2
       0
       1
       0
       2
       0
       0
       0
       3
       0
       1
       0
       1
       1
       0
       0
       0
       0
       0
       1
       1
       0
       0
       0
       0
       0
       0
       0
       1
       1
       0
       0
       0
       1
       0
       0
       0
       0
       1
       0
       1
       0
       1
       0
       0
       0
       0
       0
       1
       0
       0
       0
       0
       0
       0
       0
       0
       0
       1
       0
       0
       0
       1
       0
       0
       0
       0
       0
       2
       1
       0
       0
       1
       1
       1
       0
       0
       0
       0
       2
       0
       0
       0
       1
       1
       1
       0
       0
       0
       1
       0
       0
       1
       0
       0
       0
       0
       0
       0
       0
       0
       0
       0
       0
       0
       0
       0
       0
       0
       0
       0
       0
       0
       0
       0
       0
       0
       0
       0
       0
       0
       1
       0
       0
       0
       0
       0
       0
       0
       0
       0
       0
       0
       0
       0
       0
       0
       0
       1
       0
       0
       0
       0
       0
       0
       0
       0
       0
       0
       0
       0
       0
       0
       0
       0
       0
       0
       0
       0
       0
       0
       0
       0
       0
       0
       0
       0
       0
$ROI:
1
105 124
$PRESETS:
Live Time
300
0
$ENER_FIT:
0.000000 0.000000
$MCA_CAL:
3
0.000000E+000 0.000000E+000 0.000000E+000 
$SHAPE_CAL:
3
0.000000E+000 0.000000E+000 0.000000E+000
