$SPEC_ID:
No sample description was entered.
$SPEC_REM:
DET# 1
DETDESC# PRAK01 Easy-MCA-2k SN 15071856
AP# Maestro Version 7.01
$DATE_MEA:
10/05/2002 01:08:01
$MEAS_TIM:
300 300
$DATA:
0 511
       0
       0
       0
       0
       0
       0
       0
       0
       0
       0
       0
       0
       0
       0
       0
       0
       0
       1
      14
     483
     573
     578
     594
     663
     610
     672
     664
     727
     732
     694
     688
     707
     749
     719
     724
     796
     782
     820
     893
     872
     897
     846
     795
     766
     746
     762
     734
     735
     755
     721
     706
     720
     658
     654
     589
     681
     668
     598
     650
     621
     653
     656
     644
     683
     644
     634
     659
     669
     658
     668
     628
     657
     635
     637
     638
     681
     648
     691
     627
     636
     598
     581
     563
     517
     487
     408
     365
     321
     287
     265
     314
     284
     282
     259
     241
     233
     221
     247
     219
     244
     277
     255
     275
     270
     298
     328
     408
     531
     755
    1068
    1566
    2227
    2935
    3633
    4302
    4705
    4611
    4393
    3750
    3021
    2132
    1415
     938
     567
     311
     149
      71
      21
      17
       8
       7
       7
      12
       5
       6
       8
      10
       9
       7
       5
      16
      10
       4
      13
       8
       6
       7
       6
       6
      10
       5
       8
       5
       6
       5
       6
      11
       4
       2
       7
       6
       9
       1
       5
       7
       7
       4
       5
       6
       2
       4
       6
       4
       4
       5
       4
       2
       4
       3
       2
       6
       3
       9
       5
       6
       5
       5
       6
       3
       5
       5
       4
       4
       8
       1
       7
       2
       4
       4
       2
       2
       3
       5
       3
       3
       2
       4
       1
       1
       1
       8
       1
       3
       3
       4
       6
       2
       0
       4
       1
       3
       1
       3
       1
       0
       2
       4
       4
       3
       4
       4
       6
       5
       3
       0
       7
       2
       7
       9
       4
       2
       7
       4
       3
       7
       6
       4
       6
       5
       2
       3
       3
       2
       0
       1
       2
       0
       0
       0
       1
       0
       2
       1
       0
       1
       1
       1
       0
       0
       1
       0
       0
       3
       2
       1
       2
       1
       0
       2
       1
       2
       2
       1
       0
       1
       2
       0
       2
       1
       1
       1
       1
       1
       2
       1
       0
       1
       1
       3
       0
       0
       1
       0
       0
       1
       0
       0
       1
       0
       0
       0
       0
       1
       0
       0
       0
       0
       0
       0
       1
       0
       2
       3
       0
       0
       0
       0
       0
       0
       1
       1
       0
       0
       0
       0
       0
       1
       0
       0
       2
       2
       1
       0
       2
       2
       1
       0
       1
       0
       1
       2
       0
       1
       4
       1
       1
       1
       0
       0
       0
       1
       0
       2
       0
       0
       3
       1
       2
       1
       0
       1
       0
       0
       0
       0
       0
       1
       0
       0
       0
       0
       1
       1
       0
       0
       0
       0
       0
       0
       0
       0
       0
       0
       0
       0
       1
       0
       0
       0
       2
       0
       0
       2
       0
       0
       0
       0
       0
       1
       0
       0
       1
       1
       1
       1
       1
       1
       0
       0
       1
       0
       1
       1
       0
       0
       0
       0
       0
       0
       1
       0
       0
       1
       0
       0
       2
       0
       0
       0
       0
       1
       0
       0
       0
       0
       1
       0
       0
       0
       0
       0
       0
       0
       0
       0
       0
       0
       0
       0
       0
       0
       0
       0
       0
       0
       0
       0
       0
       0
       0
       0
       0
       0
       0
       1
       0
       0
       0
       0
       0
       0
       0
       0
       0
       0
       0
       0
       0
       0
       0
       0
       0
       0
       0
       0
       0
       0
       0
       0
       0
       0
       0
       0
       0
       0
       0
       0
       0
       0
       0
       0
       0
$ROI:
1
105 124
$PRESETS:
Live Time
300
0
$ENER_FIT:
0.000000 0.000000
$MCA_CAL:
3
0.000000E+000 0.000000E+000 0.000000E+000 
$SHAPE_CAL:
3
0.000000E+000 0.000000E+000 0.000000E+000
