$SPEC_ID:
No sample description was entered.
$SPEC_REM:
DET# 1
DETDESC# PRAK01 Easy-MCA-2k SN 15071856
AP# Maestro Version 7.01
$DATE_MEA:
10/05/2002 02:48:57
$MEAS_TIM:
300 300
$DATA:
0 511
       0
       0
       0
       0
       0
       0
       0
       0
       0
       0
       1
       0
       0
       0
       0
       0
       0
       2
       3
     324
     359
     358
     358
     385
     427
     405
     435
     455
     448
     423
     443
     507
     429
     486
     461
     485
     530
     482
     525
     504
     501
     481
     531
     469
     465
     459
     454
     454
     418
     442
     438
     427
     433
     450
     367
     416
     421
     386
     397
     407
     431
     400
     361
     375
     388
     406
     415
     361
     367
     388
     390
     416
     409
     410
     421
     439
     422
     391
     388
     423
     433
     387
     321
     313
     302
     242
     227
     234
     174
     180
     170
     169
     167
     171
     142
     173
     153
     163
     147
     157
     163
     135
     148
     158
     180
     190
     259
     323
     464
     628
     918
    1309
    1670
    2173
    2532
    2841
    2905
    2672
    2462
    1943
    1406
    1073
     646
     348
     200
     108
      53
      25
      16
       8
       8
       6
       7
       9
       6
       7
       5
       3
       5
       9
       8
       7
       8
       8
      10
       5
       6
       8
       5
       6
       8
       8
      11
       6
       5
       5
       6
       4
       6
       9
       5
       8
       6
       6
       4
       3
       4
       2
       7
       4
       5
       6
       7
       7
       2
       7
       4
       4
       4
       8
       4
       8
       2
       2
       5
       6
       1
       3
       5
       7
      12
       4
       5
       1
       5
       2
       7
       6
       8
       1
       3
       5
       2
       6
       6
       6
       2
       3
       7
       4
       4
       3
       5
       1
       1
       1
       4
       5
       2
       0
       0
       5
       4
       3
       4
       1
       7
       1
       2
       1
       4
       0
       1
       2
       4
       4
       4
       4
       6
       3
       6
       6
       3
       7
       5
       5
       4
       7
       0
       4
       3
       2
       4
       1
       0
       4
       0
       1
       1
       0
       0
       0
       2
       0
       0
       1
       1
       0
       0
       3
       0
       1
       0
       2
       0
       1
       1
       0
       1
       2
       0
       2
       0
       0
       1
       1
       0
       1
       1
       0
       0
       1
       0
       1
       1
       0
       0
       1
       1
       2
       1
       3
       3
       2
       0
       0
       0
       0
       0
       2
       0
       0
       1
       0
       0
       2
       0
       0
       0
       0
       1
       4
       1
       0
       0
       0
       1
       0
       1
       1
       0
       0
       1
       0
       0
       1
       1
       1
       2
       0
       0
       1
       0
       0
       1
       0
       1
       1
       1
       1
       0
       1
       0
       0
       0
       3
       0
       0
       0
       1
       1
       0
       0
       0
       1
       0
       3
       0
       1
       2
       2
       0
       1
       0
       1
       0
       0
       0
       0
       0
       0
       1
       0
       0
       1
       0
       1
       1
       0
       1
       1
       1
       0
       0
       0
       0
       0
       0
       1
       0
       0
       0
       0
       0
       1
       1
       0
       0
       0
       0
       1
       0
       0
       1
       1
       1
       0
       0
       0
       1
       1
       1
       1
       0
       0
       0
       1
       1
       1
       0
       3
       1
       1
       0
       2
       0
       0
       0
       1
       1
       0
       0
       1
       0
       0
       0
       1
       0
       0
       0
       0
       0
       0
       0
       0
       0
       0
       0
       0
       0
       0
       0
       0
       0
       0
       0
       0
       0
       0
       0
       0
       0
       0
       0
       1
       0
       0
       0
       0
       0
       0
       0
       0
       0
       0
       0
       0
       0
       0
       0
       0
       0
       0
       0
       0
       0
       0
       0
       0
       0
       0
       0
       0
       0
       0
       0
       0
       0
       0
       0
       0
       0
$ROI:
1
105 124
$PRESETS:
Live Time
300
0
$ENER_FIT:
0.000000 0.000000
$MCA_CAL:
3
0.000000E+000 0.000000E+000 0.000000E+000 
$SHAPE_CAL:
3
0.000000E+000 0.000000E+000 0.000000E+000
