$SPEC_ID:
No sample description was entered.
$SPEC_REM:
DET# 1
DETDESC# PRAK01 Easy-MCA-2k SN 15071856
AP# Maestro Version 7.01
$DATE_MEA:
10/05/2002 00:42:04
$MEAS_TIM:
300 300
$DATA:
0 511
       0
       0
       0
       0
       0
       0
       0
       0
       0
       0
       0
       0
       0
       0
       0
       0
       0
       0
       4
     119
     177
     170
     189
     214
     192
     193
     219
     200
     248
     233
     247
     237
     229
     275
     246
     251
     267
     251
     229
     243
     246
     230
     253
     231
     237
     216
     222
     207
     215
     206
     192
     193
     172
     201
     194
     186
     200
     154
     199
     158
     179
     180
     189
     170
     183
     160
     173
     174
     170
     153
     177
     157
     177
     175
     152
     151
     162
     172
     175
     149
     153
     148
     128
     113
     104
      96
     119
      96
      82
      77
      57
      77
      62
      57
      78
      62
      83
      66
      85
      78
      68
      70
      64
      75
      69
      83
      94
     151
     201
     283
     380
     587
     723
     835
     983
    1093
    1050
    1032
     881
     658
     495
     311
     201
     110
      50
      24
      27
      16
      12
      12
       5
       6
      10
      14
      11
       5
       8
       4
      10
       8
       3
       4
       2
       6
       7
       1
       7
       8
       6
       5
       6
       4
       6
       4
       9
       5
       4
       5
       5
       2
       5
       8
       8
       8
       7
       7
       5
       6
       2
       5
       5
       5
       3
       6
       3
       2
       3
       3
       4
       1
       5
       0
       3
       4
       2
       3
       6
       7
       4
       6
       3
       4
       3
       5
       8
       1
       6
       3
       7
       6
       7
       4
       4
       0
       1
       2
       5
       6
       2
       2
       3
       4
       4
       4
       0
       2
       2
       2
       0
       4
       2
       0
       2
       2
       2
       5
       4
       2
       2
       1
       1
       3
       2
       2
       6
       5
       3
       5
       4
       5
       6
       4
       5
       3
       2
       4
       1
       8
       1
       2
       1
       3
       1
       2
       1
       2
       0
       2
       2
       1
       1
       0
       1
       1
       3
       1
       4
       0
       1
       1
       0
       1
       2
       2
       1
       0
       1
       1
       2
       1
       1
       0
       0
       1
       0
       2
       0
       2
       1
       1
       1
       0
       0
       3
       2
       1
       0
       1
       2
       2
       0
       0
       1
       0
       0
       1
       0
       0
       1
       0
       0
       1
       0
       0
       1
       1
       1
       0
       2
       3
       0
       0
       3
       0
       0
       0
       0
       0
       0
       3
       0
       0
       2
       0
       0
       1
       0
       0
       1
       1
       0
       0
       1
       0
       2
       0
       0
       0
       1
       0
       1
       0
       1
       1
       0
       0
       0
       0
       2
       2
       1
       0
       0
       0
       0
       0
       0
       0
       0
       0
       0
       0
       0
       0
       0
       0
       1
       0
       0
       0
       0
       0
       0
       1
       0
       0
       0
       0
       0
       0
       0
       0
       0
       0
       0
       0
       0
       0
       1
       0
       0
       0
       0
       0
       0
       0
       0
       0
       0
       1
       0
       0
       1
       0
       1
       0
       0
       0
       3
       1
       0
       2
       1
       0
       0
       1
       0
       3
       1
       0
       0
       1
       1
       0
       1
       0
       0
       0
       0
       0
       0
       0
       0
       0
       0
       0
       1
       1
       0
       0
       0
       0
       0
       0
       0
       1
       0
       0
       0
       0
       0
       1
       0
       0
       0
       0
       0
       0
       0
       0
       0
       0
       0
       0
       0
       0
       0
       0
       0
       1
       0
       0
       0
       0
       0
       0
       0
       0
       0
       0
       0
       0
       0
       0
       0
       0
       0
       0
       0
       0
       0
       0
       0
       0
       0
       0
       0
       0
       0
       0
       0
       0
$ROI:
1
106 124
$PRESETS:
Live Time
300
0
$ENER_FIT:
0.000000 0.000000
$MCA_CAL:
3
0.000000E+000 0.000000E+000 0.000000E+000 
$SHAPE_CAL:
3
0.000000E+000 0.000000E+000 0.000000E+000
