$SPEC_ID:
No sample description was entered.
$SPEC_REM:
DET# 1
DETDESC# PRAK01 Easy-MCA-2k SN 15071856
AP# Maestro Version 7.01
$DATE_MEA:
10/05/2002 00:59:22
$MEAS_TIM:
300 300
$DATA:
0 511
       0
       0
       0
       0
       0
       0
       0
       0
       0
       0
       0
       0
       0
       0
       0
       0
       1
       0
       2
     151
     171
     154
     189
     223
     218
     223
     225
     243
     243
     251
     266
     245
     253
     286
     293
     276
     245
     254
     244
     276
     238
     292
     235
     251
     227
     239
     211
     215
     226
     189
     229
     203
     233
     218
     203
     223
     185
     179
     204
     206
     191
     187
     196
     178
     174
     180
     178
     214
     193
     177
     170
     177
     152
     189
     173
     186
     183
     162
     180
     164
     167
     160
     157
     127
     118
      97
      98
      95
      91
      86
      87
      86
      78
      82
      66
      66
      66
      80
      77
      97
      81
      86
      92
      84
     102
     121
     123
     156
     206
     288
     483
     556
     797
     946
    1101
    1117
    1056
    1067
     854
     661
     482
     337
     226
     111
      60
      39
      19
      13
      13
       7
       7
      11
       6
      13
       8
       8
       4
       7
       7
       7
       9
       8
       4
       4
       6
       7
       4
       8
      10
       8
       3
       9
       5
       3
      10
      10
      11
       4
       7
       7
       3
       5
       4
       7
       7
       9
       5
       6
       7
       2
       3
       3
       7
       3
       1
       6
       4
       7
       2
       5
       3
       5
       6
       4
       6
       9
       5
       4
       4
       6
       3
       3
       3
       7
      10
       3
       7
       7
       6
       4
       3
       5
       4
       3
       1
       3
       4
       5
       4
       2
       1
       2
       2
       7
       4
       3
       2
       8
       1
       3
       1
       1
       1
       1
       3
       2
       2
       1
       5
       1
       0
       2
       3
       3
       4
       3
       9
       5
       4
       8
       8
       3
       5
       2
       7
       7
       1
       6
       2
       5
       5
       1
       0
       1
       3
       0
       1
       2
       2
       0
       1
       2
       2
       1
       2
       0
       0
       1
       1
       1
       2
       0
       0
       2
       0
       0
       0
       2
       1
       3
       3
       1
       2
       4
       0
       2
       0
       0
       1
       1
       0
       1
       1
       0
       1
       0
       2
       1
       0
       0
       0
       0
       0
       0
       2
       0
       0
       0
       2
       0
       0
       1
       2
       2
       0
       0
       1
       0
       0
       1
       0
       0
       1
       0
       1
       1
       0
       1
       0
       0
       0
       0
       0
       1
       0
       0
       0
       0
       1
       1
       0
       0
       2
       0
       1
       0
       0
       3
       1
       0
       0
       0
       1
       0
       0
       2
       0
       1
       0
       1
       1
       0
       0
       0
       1
       0
       0
       0
       1
       0
       1
       1
       0
       0
       1
       1
       0
       1
       1
       0
       0
       0
       0
       1
       0
       0
       0
       0
       1
       0
       0
       0
       0
       1
       0
       0
       0
       0
       0
       0
       1
       0
       0
       0
       0
       1
       0
       0
       0
       0
       1
       0
       0
       0
       2
       0
       0
       0
       0
       0
       0
       1
       1
       0
       2
       1
       2
       1
       1
       0
       0
       1
       1
       0
       1
       0
       1
       0
       0
       0
       0
       0
       0
       0
       0
       1
       0
       0
       0
       0
       0
       0
       0
       0
       0
       0
       1
       0
       0
       0
       0
       0
       0
       0
       0
       0
       0
       0
       0
       0
       0
       1
       0
       0
       0
       0
       0
       0
       0
       0
       0
       0
       1
       1
       0
       0
       0
       0
       0
       0
       0
       0
       0
       0
       0
       0
       0
       0
       0
       0
       0
       0
       0
       0
       0
       0
       0
       0
       0
       0
       0
       0
$ROI:
1
105 124
$PRESETS:
Live Time
300
0
$ENER_FIT:
0.000000 0.000000
$MCA_CAL:
3
0.000000E+000 0.000000E+000 0.000000E+000 
$SHAPE_CAL:
3
0.000000E+000 0.000000E+000 0.000000E+000
