$SPEC_ID:
No sample description was entered.
$SPEC_REM:
DET# 1
DETDESC# PRAK01 Easy-MCA-2k SN 15071856
AP# Maestro Version 7.01
$DATE_MEA:
10/05/2002 01:44:08
$MEAS_TIM:
300 300
$DATA:
0 511
       0
       0
       0
       0
       0
       0
       0
       0
       0
       0
       0
       0
       0
       0
       0
       0
       0
       0
       6
     255
     295
     307
     310
     302
     342
     375
     333
     395
     408
     377
     391
     395
     409
     390
     412
     425
     392
     418
     442
     380
     439
     375
     392
     407
     405
     379
     386
     396
     393
     358
     329
     366
     376
     330
     331
     316
     337
     361
     340
     335
     309
     291
     324
     318
     312
     306
     330
     321
     322
     293
     340
     348
     326
     315
     317
     360
     342
     385
     354
     328
     288
     310
     273
     262
     233
     221
     158
     158
     152
     150
     126
     148
     148
     126
     117
     116
     101
     129
     112
     110
     131
     150
     135
     149
     128
     174
     188
     268
     397
     517
     763
    1048
    1389
    1791
    2090
    2143
    2305
    2179
    1798
    1541
    1210
     732
     489
     284
     140
      63
      36
      20
       9
      11
       8
       4
      16
       9
      10
      11
       4
       6
      16
       8
       7
       8
       4
       7
       5
       3
       7
       6
       7
       2
       7
       5
      10
       4
       1
       5
       0
       6
      10
       5
       8
      11
       8
      11
       4
       6
       8
       4
       6
       4
       7
       4
       3
       2
       8
       2
       6
       7
       6
       1
       4
       3
       4
       3
       5
       1
       3
       3
       6
       5
       3
       6
       2
       4
       3
       4
       5
       3
       1
       4
       2
       6
       2
       1
       2
       0
       1
       2
       3
       4
       3
       2
       0
       1
       4
       1
       4
       5
       2
       0
       3
       2
       2
       1
       4
       3
       0
       3
       1
       3
       3
       2
       3
       5
       3
       1
       4
       5
       6
       3
       5
       4
       5
       5
       8
       3
       4
       4
       7
       5
       0
       2
       2
       3
       1
       0
       0
       0
       1
       2
       2
       2
       0
       2
       0
       1
       1
       1
       1
       1
       1
       0
       1
       0
       1
       4
       0
       1
       2
       2
       0
       2
       1
       0
       1
       1
       0
       1
       2
       0
       0
       2
       0
       0
       1
       2
       0
       0
       0
       0
       0
       0
       0
       0
       1
       2
       0
       2
       0
       0
       0
       3
       1
       2
       0
       1
       2
       0
       1
       0
       1
       0
       0
       0
       1
       0
       0
       0
       0
       0
       0
       0
       2
       0
       0
       2
       1
       0
       0
       1
       0
       0
       0
       0
       1
       1
       1
       1
       0
       1
       3
       0
       2
       0
       2
       1
       0
       0
       0
       0
       0
       2
       0
       0
       0
       0
       0
       1
       0
       0
       0
       1
       0
       0
       2
       1
       1
       2
       0
       0
       1
       0
       0
       0
       2
       0
       0
       0
       1
       0
       0
       0
       0
       0
       0
       0
       1
       0
       0
       0
       0
       0
       1
       0
       1
       1
       1
       0
       0
       0
       0
       1
       0
       0
       0
       1
       1
       1
       0
       1
       2
       0
       2
       2
       2
       0
       1
       2
       2
       1
       1
       0
       1
       0
       1
       0
       1
       0
       0
       0
       0
       0
       0
       0
       0
       0
       0
       0
       0
       0
       0
       0
       0
       0
       1
       0
       0
       0
       0
       0
       0
       0
       0
       0
       0
       0
       0
       0
       0
       1
       0
       0
       1
       0
       0
       0
       0
       0
       0
       0
       0
       0
       0
       0
       0
       0
       0
       0
       0
       0
       0
       0
       0
       0
       0
       0
       0
       0
       0
       0
       0
       0
       0
       0
       0
       0
       0
       0
       0
       0
       0
       0
$ROI:
1
105 124
$PRESETS:
Live Time
300
0
$ENER_FIT:
0.000000 0.000000
$MCA_CAL:
3
0.000000E+000 0.000000E+000 0.000000E+000 
$SHAPE_CAL:
3
0.000000E+000 0.000000E+000 0.000000E+000
