$SPEC_ID:
No sample description was entered.
$SPEC_REM:
DET# 1
DETDESC# PRAK01 Easy-MCA-2k SN 15071856
AP# Maestro Version 7.01
$DATE_MEA:
10/05/2002 01:21:32
$MEAS_TIM:
300 300
$DATA:
0 511
       0
       0
       0
       0
       0
       0
       0
       0
       0
       0
       0
       0
       0
       0
       0
       0
       0
       0
      12
     488
     551
     550
     623
     596
     648
     627
     731
     711
     732
     725
     769
     768
     740
     744
     743
     818
     839
     839
     799
     819
     787
     829
     823
     779
     829
     759
     775
     763
     773
     725
     738
     699
     715
     687
     684
     680
     687
     663
     670
     635
     677
     670
     645
     651
     591
     678
     647
     610
     673
     628
     688
     665
     676
     656
     692
     602
     683
     676
     644
     657
     672
     605
     564
     523
     463
     399
     419
     347
     306
     293
     265
     272
     255
     291
     219
     247
     215
     252
     255
     249
     270
     234
     264
     273
     327
     323
     412
     536
     807
    1132
    1674
    2123
    2918
    3704
    4259
    4687
    4826
    4433
    3795
    3060
    2292
    1657
    1010
     593
     288
     151
      76
      32
      16
      12
      10
       8
       5
       6
       8
       2
      11
       2
       9
      10
       9
       6
       6
       9
      11
      12
       6
       3
       9
       8
       7
       6
      12
       5
       5
       9
       5
       5
      11
       6
       9
       6
       4
       5
       5
      11
       4
       3
       7
       4
       6
       7
       4
       2
       4
       6
       4
       3
       9
       6
       0
       9
       7
       5
       4
       5
       5
       4
       4
       7
       1
       4
       8
       2
       8
       7
       4
       7
       4
       3
       4
       7
       3
       2
       3
       2
       5
       3
       2
       2
       3
       2
       3
       6
       1
       1
       2
       3
       1
       5
       1
       0
       2
       1
       5
       2
       3
       2
       1
       1
       1
       2
       4
       1
       3
       5
       5
       3
       5
       4
       3
       3
       5
       2
      10
       4
       3
       0
       3
       4
       2
       3
       1
       2
       2
       4
       0
       1
       2
       0
       2
       0
       0
       3
       2
       1
       3
       2
       0
       1
       0
       2
       2
       1
       1
       1
       3
       0
       1
       1
       0
       1
       1
       0
       0
       0
       0
       1
       2
       1
       4
       0
       0
       2
       0
       2
       1
       2
       0
       0
       1
       2
       0
       1
       1
       0
       1
       1
       1
       0
       0
       1
       1
       0
       0
       0
       1
       0
       0
       2
       1
       0
       0
       0
       0
       1
       0
       0
       0
       1
       0
       0
       2
       1
       0
       0
       0
       0
       0
       0
       0
       0
       0
       0
       0
       0
       0
       1
       2
       2
       2
       0
       1
       0
       0
       3
       0
       0
       0
       0
       1
       0
       0
       0
       1
       0
       2
       0
       0
       0
       2
       1
       0
       1
       0
       0
       2
       0
       1
       1
       0
       0
       1
       0
       0
       0
       1
       0
       1
       0
       2
       0
       0
       1
       0
       0
       1
       0
       0
       0
       0
       1
       1
       0
       0
       0
       0
       0
       0
       1
       0
       1
       0
       0
       0
       0
       1
       0
       1
       0
       0
       1
       2
       1
       0
       0
       0
       0
       0
       1
       0
       0
       1
       0
       0
       1
       1
       1
       0
       1
       0
       0
       0
       0
       0
       0
       0
       0
       0
       0
       0
       0
       0
       0
       0
       0
       0
       0
       0
       0
       0
       0
       0
       0
       0
       0
       0
       0
       0
       0
       0
       0
       0
       0
       0
       0
       0
       0
       0
       0
       0
       2
       1
       0
       0
       0
       0
       0
       0
       0
       0
       0
       0
       0
       0
       0
       0
       0
       0
       0
       0
       0
       0
       0
       0
       0
       0
       0
       0
       0
       0
       0
$ROI:
1
105 124
$PRESETS:
Live Time
300
0
$ENER_FIT:
0.000000 0.000000
$MCA_CAL:
3
0.000000E+000 0.000000E+000 0.000000E+000 
$SHAPE_CAL:
3
0.000000E+000 0.000000E+000 0.000000E+000
