$SPEC_ID:
No sample description was entered.
$SPEC_REM:
DET# 1
DETDESC# PRAK01 Easy-MCA-2k SN 15071856
AP# Maestro Version 7.01
$DATE_MEA:
10/05/2002 02:15:20
$MEAS_TIM:
300 300
$DATA:
0 511
       0
       0
       0
       0
       0
       0
       0
       0
       0
       0
       0
       0
       0
       0
       0
       0
       0
       0
       5
     173
     218
     234
     216
     241
     226
     264
     275
     273
     302
     302
     289
     292
     297
     342
     318
     308
     284
     293
     329
     311
     309
     293
     275
     314
     281
     271
     244
     253
     259
     258
     234
     261
     224
     240
     223
     267
     243
     252
     197
     235
     255
     241
     238
     241
     234
     237
     226
     244
     221
     212
     222
     212
     239
     218
     235
     219
     262
     264
     247
     256
     224
     193
     193
     186
     163
     163
     130
     117
     106
     122
     103
      98
      99
      79
      94
     102
      88
      87
      94
      98
      77
      91
      90
     111
     101
     108
     143
     211
     273
     392
     544
     759
     954
    1136
    1447
    1573
    1514
    1469
    1274
    1039
     757
     507
     336
     190
      79
      60
      32
      15
      16
       9
       3
       8
       9
       7
      11
       3
       3
       9
       7
       6
       7
       5
       3
      11
      10
       7
       8
       4
       8
       8
       7
       7
      12
       5
       3
       3
       6
       5
       6
       3
       8
       6
       0
       3
       8
       7
       8
       9
       5
       5
       3
       6
       3
       6
       4
       7
       1
       7
       7
       7
       7
       5
       5
       2
       3
       5
       7
       3
       6
       6
       3
       4
       3
       4
       6
       6
       4
       6
       3
       1
       4
       3
       0
       5
       0
       2
       4
       2
       1
       2
       0
       0
       3
       2
       1
       4
       1
       1
       4
       3
       3
       2
       1
       3
       8
       3
       5
       3
       4
       5
       2
       4
       2
       3
       4
       1
       3
       4
       3
       5
       3
       8
       5
       9
       7
       5
       2
       6
       4
       4
       2
       1
       1
       1
       0
       3
       1
       1
       1
       0
       0
       1
       1
       1
       2
       0
       0
       1
       0
       1
       1
       3
       2
       0
       2
       1
       0
       2
       1
       1
       1
       1
       1
       0
       1
       1
       2
       0
       0
       0
       0
       2
       1
       0
       0
       0
       0
       0
       0
       1
       1
       0
       0
       0
       1
       2
       3
       0
       0
       0
       0
       0
       1
       0
       1
       0
       0
       0
       2
       1
       0
       1
       0
       0
       0
       1
       0
       0
       1
       2
       0
       0
       2
       1
       0
       0
       2
       0
       1
       0
       0
       2
       1
       1
       0
       1
       0
       0
       0
       3
       0
       0
       2
       0
       0
       2
       0
       0
       0
       0
       1
       0
       0
       0
       1
       0
       0
       0
       0
       2
       0
       0
       1
       2
       0
       0
       2
       1
       0
       1
       0
       0
       0
       1
       0
       0
       0
       0
       0
       0
       0
       0
       0
       0
       0
       1
       0
       1
       0
       1
       0
       0
       0
       1
       2
       1
       0
       0
       0
       0
       1
       0
       0
       1
       0
       0
       0
       0
       1
       0
       0
       2
       0
       0
       0
       1
       1
       0
       2
       0
       1
       1
       0
       0
       2
       0
       0
       0
       0
       0
       0
       0
       0
       0
       0
       0
       0
       0
       0
       0
       1
       0
       0
       0
       0
       0
       1
       0
       0
       0
       0
       0
       1
       0
       0
       0
       0
       0
       0
       0
       0
       0
       0
       0
       0
       0
       0
       0
       0
       1
       0
       0
       0
       0
       0
       0
       0
       0
       0
       0
       0
       0
       0
       0
       0
       0
       0
       0
       0
       0
       0
       0
       0
       0
       0
       0
       0
       0
       0
       0
       0
       0
$ROI:
1
105 124
$PRESETS:
Live Time
300
0
$ENER_FIT:
0.000000 0.000000
$MCA_CAL:
3
0.000000E+000 0.000000E+000 0.000000E+000 
$SHAPE_CAL:
3
0.000000E+000 0.000000E+000 0.000000E+000
