$SPEC_ID:
No sample description was entered.
$SPEC_REM:
DET# 1
DETDESC# PRAK01 Easy-MCA-2k SN 15071856
AP# Maestro Version 7.01
$DATE_MEA:
10/05/2002 01:15:15
$MEAS_TIM:
300 300
$DATA:
0 511
       0
       0
       0
       0
       0
       0
       0
       0
       0
       0
       0
       0
       0
       0
       0
       0
       1
       0
       8
     407
     504
     544
     534
     549
     559
     579
     620
     590
     613
     638
     653
     645
     683
     681
     731
     694
     694
     729
     736
     797
     777
     729
     748
     713
     733
     678
     680
     674
     683
     616
     651
     658
     624
     591
     601
     605
     581
     644
     583
     594
     582
     568
     592
     580
     560
     606
     565
     559
     615
     597
     592
     610
     602
     594
     590
     614
     592
     616
     624
     602
     554
     545
     526
     477
     415
     337
     329
     319
     240
     280
     240
     250
     246
     211
     232
     232
     216
     226
     236
     230
     240
     218
     265
     242
     252
     318
     368
     511
     724
     995
    1443
    1963
    2609
    3296
    3597
    4227
    4293
    3979
    3482
    2747
    2106
    1373
     826
     509
     243
     131
      56
      35
      17
      15
      10
       5
       7
      11
       8
       6
       5
      10
       8
       3
       7
       6
       6
       6
       8
       8
       7
       7
       9
       2
       6
       5
      10
       4
       9
       4
       2
       7
       3
       8
       7
       3
       1
       5
       3
       6
       3
       1
       5
       7
       3
       4
       3
       3
       3
       4
       7
       9
       4
       5
       6
       7
       5
       7
       5
       1
       5
       4
       1
       5
       4
       6
       5
       3
       5
       0
       1
       4
       1
       1
       5
       5
       1
       4
       2
       3
       4
       3
       2
       4
       5
       3
       5
       1
       3
       3
       4
       0
       2
       3
       1
       4
       2
       3
       0
       2
       4
       1
       1
       0
       0
       2
       3
       2
       4
       5
       4
       3
       3
       6
       5
       2
       5
       3
       5
       3
       8
       2
       2
       3
       2
       1
       2
       2
       0
       2
       1
       0
       0
       0
       1
       0
       0
       1
       2
       0
       0
       0
       1
       1
       1
       0
       0
       1
       3
       1
       1
       0
       0
       0
       0
       0
       1
       1
       1
       0
       0
       0
       0
       2
       0
       1
       4
       0
       0
       1
       1
       0
       0
       0
       2
       0
       1
       0
       0
       0
       1
       1
       0
       3
       0
       0
       1
       0
       0
       0
       1
       0
       0
       0
       0
       1
       0
       0
       0
       2
       0
       0
       0
       0
       0
       0
       0
       0
       0
       0
       0
       2
       0
       0
       0
       0
       1
       1
       1
       0
       1
       2
       0
       0
       1
       2
       0
       1
       0
       3
       0
       0
       0
       1
       1
       0
       1
       0
       0
       1
       0
       1
       2
       1
       0
       0
       0
       1
       0
       0
       1
       0
       0
       1
       1
       0
       0
       0
       0
       0
       0
       0
       0
       0
       0
       0
       1
       0
       0
       0
       0
       1
       0
       0
       1
       1
       2
       0
       0
       0
       0
       1
       0
       0
       1
       0
       1
       1
       2
       1
       0
       0
       0
       0
       2
       1
       0
       3
       0
       0
       1
       0
       0
       0
       2
       0
       0
       0
       0
       0
       0
       0
       1
       0
       0
       0
       0
       0
       0
       1
       0
       0
       0
       0
       0
       0
       0
       0
       0
       0
       0
       0
       0
       0
       0
       0
       0
       0
       0
       0
       0
       0
       0
       0
       0
       0
       0
       0
       0
       0
       0
       0
       0
       0
       0
       0
       0
       0
       0
       0
       0
       0
       0
       0
       0
       0
       0
       0
       0
       0
       0
       0
       0
       0
       0
       0
       0
       0
       0
       0
       0
       0
       0
       0
       0
       0
$ROI:
1
105 124
$PRESETS:
Live Time
300
0
$ENER_FIT:
0.000000 0.000000
$MCA_CAL:
3
0.000000E+000 0.000000E+000 0.000000E+000 
$SHAPE_CAL:
3
0.000000E+000 0.000000E+000 0.000000E+000
