$SPEC_ID:
No sample description was entered.
$SPEC_REM:
DET# 1
DETDESC# PRAK01 Easy-MCA-2k SN 15071856
AP# Maestro Version 7.01
$DATE_MEA:
10/05/2002 02:42:49
$MEAS_TIM:
300 300
$DATA:
0 511
       0
       0
       0
       0
       0
       0
       0
       0
       0
       0
       0
       0
       0
       0
       0
       0
       0
       0
       6
     310
     366
     414
     378
     386
     413
     428
     435
     420
     446
     469
     520
     483
     505
     477
     503
     526
     473
     536
     523
     531
     579
     517
     576
     495
     510
     507
     491
     466
     456
     459
     465
     439
     448
     453
     386
     422
     393
     414
     388
     402
     429
     414
     391
     400
     421
     405
     474
     431
     406
     420
     387
     425
     405
     458
     399
     437
     432
     412
     445
     419
     386
     397
     368
     323
     269
     258
     253
     230
     216
     203
     175
     171
     178
     156
     170
     138
     156
     149
     167
     135
     182
     155
     183
     173
     181
     212
     239
     335
     453
     660
     942
    1317
    1782
    2322
    2715
    2999
    2953
    2941
    2548
    2028
    1553
    1057
     684
     357
     208
     122
      45
      29
       9
      17
       8
      10
       7
      11
       7
       5
      11
       0
       8
       5
       8
       4
       5
       5
       3
       6
       8
       2
       7
       4
       7
       9
       9
      10
       8
       5
       6
       4
       7
       5
       6
       5
       3
       5
       5
       4
       7
       7
       4
       9
       4
       2
       8
       7
       7
       5
       4
       5
       2
       3
       5
       9
       6
       7
       6
       2
      10
       4
       3
       2
       4
       6
       1
       2
       5
       4
       0
       4
       2
       3
       4
       3
       3
       4
       5
       3
       4
       1
       2
       2
       5
       2
       6
       3
       4
       2
       1
       1
       5
       5
       0
       1
       3
       5
       2
       0
       3
       2
       1
       1
       1
       2
       4
       6
       6
       4
       3
       5
       7
       5
       6
       4
       4
       5
       5
       0
       2
       5
       3
       1
       4
       2
       2
       2
       4
       2
       2
       1
       3
       1
       1
       0
       2
       1
       1
       1
       0
       5
       0
       1
       6
       1
       2
       0
       1
       1
       0
       1
       1
       2
       0
       1
       0
       0
       3
       1
       2
       0
       1
       1
       0
       2
       1
       2
       0
       0
       0
       2
       2
       0
       1
       2
       0
       0
       1
       1
       0
       1
       0
       0
       0
       1
       0
       0
       0
       0
       0
       0
       0
       0
       1
       0
       0
       0
       0
       0
       0
       2
       0
       0
       0
       0
       0
       0
       0
       2
       0
       0
       2
       0
       4
       0
       1
       1
       0
       1
       0
       1
       1
       1
       0
       0
       1
       0
       0
       1
       0
       0
       1
       1
       0
       2
       2
       0
       1
       0
       0
       0
       2
       0
       0
       0
       2
       0
       1
       0
       0
       0
       0
       1
       1
       0
       0
       1
       0
       1
       0
       0
       0
       0
       1
       0
       0
       0
       0
       0
       0
       0
       0
       0
       0
       0
       1
       0
       0
       0
       0
       0
       1
       0
       2
       0
       0
       1
       0
       1
       0
       0
       0
       1
       0
       0
       1
       0
       1
       1
       0
       0
       1
       1
       0
       0
       0
       0
       0
       1
       1
       1
       1
       0
       0
       1
       0
       0
       0
       0
       0
       0
       1
       0
       0
       0
       1
       0
       0
       0
       0
       0
       1
       0
       0
       0
       0
       0
       0
       0
       0
       0
       0
       0
       0
       0
       0
       0
       0
       0
       0
       0
       0
       0
       0
       1
       0
       0
       0
       0
       0
       0
       0
       0
       0
       0
       0
       0
       0
       0
       0
       0
       0
       0
       0
       0
       0
       0
       0
       0
       0
       0
       0
       0
       0
       0
$ROI:
1
105 124
$PRESETS:
Live Time
300
0
$ENER_FIT:
0.000000 0.000000
$MCA_CAL:
3
0.000000E+000 0.000000E+000 0.000000E+000 
$SHAPE_CAL:
3
0.000000E+000 0.000000E+000 0.000000E+000
