$SPEC_ID:
No sample description was entered.
$SPEC_REM:
DET# 1
DETDESC# PRAK01 Easy-MCA-2k SN 15071856
AP# Maestro Version 7.01
$DATE_MEA:
10/05/2002 02:21:27
$MEAS_TIM:
300 300
$DATA:
0 511
       0
       0
       0
       0
       0
       0
       0
       0
       0
       0
       0
       0
       0
       0
       0
       0
       0
       0
       4
     142
     175
     172
     182
     180
     234
     227
     209
     245
     229
     259
     255
     277
     265
     291
     254
     273
     283
     268
     273
     239
     270
     246
     257
     267
     251
     258
     231
     252
     226
     209
     221
     180
     203
     209
     223
     209
     185
     192
     193
     219
     193
     185
     193
     192
     173
     197
     186
     198
     163
     171
     195
     173
     194
     215
     192
     172
     212
     176
     191
     174
     156
     150
     157
     140
     143
     121
     101
     101
     107
      96
      90
      76
      74
      66
      67
      70
      67
      75
      68
      71
      81
      76
      89
      84
      77
      95
     105
     147
     197
     289
     392
     550
     753
     926
    1142
    1220
    1162
    1052
     978
     774
     543
     391
     231
     143
      59
      33
      18
      18
       5
      10
       7
       7
      12
       4
      15
       5
       6
       5
       2
       4
       9
       5
      16
       4
       7
       4
       8
       5
       5
       5
       3
       6
       6
       7
      12
       4
       5
       2
       6
       6
       3
      14
       3
       4
       6
       5
       6
       7
       4
       6
       3
       8
       5
       5
       3
       6
       5
       2
       2
       3
       3
       3
       4
       8
       4
       1
       3
       3
       5
       3
       4
       1
       2
       9
       2
       4
       4
       4
       6
       3
       3
       6
       5
       3
       6
       3
       3
       4
       5
       0
       4
       4
       3
       3
       2
       3
       2
       2
       2
       0
       1
       3
       2
       2
       2
       2
       1
       3
       1
       3
       1
       3
       7
       1
       1
       2
       7
       5
       4
       4
       6
       6
       3
       8
       5
       3
       4
       2
       3
       2
       3
       1
       5
       1
       2
       0
       1
       1
       1
       2
       0
       1
       0
       0
       1
       2
       1
       0
       2
       0
       3
       1
       0
       0
       2
       0
       1
       3
       0
       1
       0
       1
       0
       0
       1
       2
       1
       0
       1
       1
       0
       0
       2
       2
       2
       4
       0
       1
       0
       0
       2
       0
       0
       0
       2
       1
       1
       0
       0
       2
       0
       0
       0
       1
       0
       1
       0
       2
       1
       0
       1
       0
       0
       1
       0
       1
       0
       1
       0
       0
       0
       1
       1
       1
       0
       1
       1
       1
       0
       1
       0
       0
       0
       0
       0
       0
       0
       0
       2
       0
       1
       2
       0
       1
       0
       0
       0
       0
       2
       1
       1
       0
       3
       1
       2
       0
       0
       0
       0
       1
       0
       0
       2
       0
       0
       1
       1
       1
       0
       0
       0
       1
       0
       1
       0
       0
       0
       1
       0
       0
       0
       0
       0
       0
       1
       1
       0
       0
       1
       0
       0
       0
       0
       0
       0
       1
       0
       0
       0
       0
       1
       0
       0
       1
       0
       0
       0
       0
       0
       1
       0
       1
       0
       3
       1
       0
       2
       0
       0
       0
       0
       0
       0
       0
       0
       0
       0
       1
       0
       0
       0
       0
       0
       1
       0
       0
       0
       0
       0
       0
       0
       0
       0
       1
       0
       0
       1
       0
       1
       0
       0
       0
       0
       0
       1
       0
       0
       0
       0
       0
       0
       0
       0
       0
       0
       0
       0
       0
       0
       0
       0
       0
       1
       0
       0
       0
       0
       0
       0
       0
       0
       0
       0
       0
       0
       0
       0
       0
       0
       0
       0
       0
       0
       0
       0
       0
       0
       0
       0
       0
       0
       0
$ROI:
1
105 124
$PRESETS:
Live Time
300
0
$ENER_FIT:
0.000000 0.000000
$MCA_CAL:
3
0.000000E+000 0.000000E+000 0.000000E+000 
$SHAPE_CAL:
3
0.000000E+000 0.000000E+000 0.000000E+000
