$SPEC_ID:
No sample description was entered.
$SPEC_REM:
DET# 1
DETDESC# PRAK01 Easy-MCA-2k SN 15071856
AP# Maestro Version 7.01
$DATE_MEA:
10/05/2002 00:17:24
$MEAS_TIM:
300 300
$DATA:
0 511
       0
       0
       0
       0
       0
       0
       0
       0
       0
       1
       0
       0
       0
       0
       1
       3
       2
       2
      30
     675
     778
     762
     808
     790
     825
     898
     961
     972
     960
     971
     978
     988
    1070
     994
    1004
    1071
    1128
    1162
    1203
    1189
    1156
    1168
    1174
    1195
    1070
    1107
    1073
    1004
    1046
    1045
    1006
    1021
     954
     946
     919
     896
     944
     928
     953
     914
     836
     938
     861
     897
     924
     944
     928
     906
     853
     908
     888
     897
     901
     940
     998
     912
     892
     953
     863
     919
     911
     881
     832
     742
     626
     553
     566
     491
     449
     363
     370
     363
     354
     331
     316
     335
     353
     325
     338
     321
     374
     361
     393
     363
     434
     465
     576
     705
    1045
    1503
    2134
    2920
    4064
    5025
    5957
    6469
    6730
    6029
    5495
    4298
    3196
    2269
    1466
     849
     421
     196
     113
      37
      27
      19
       8
       7
      10
       3
       8
       9
       8
      10
       7
       7
       9
       5
       7
       9
      12
       4
      11
       6
       9
       3
       7
       6
       6
       8
       4
       6
       7
       7
       5
       5
       6
      12
       8
       1
       3
       7
       5
       7
       3
       3
       5
       2
       3
      10
       3
       7
       4
       4
       6
       5
       4
       7
       4
       7
       5
       7
       5
       3
       4
       4
       7
      11
       5
       7
       2
       5
       4
       7
       3
       2
       6
       3
       4
       3
       3
       4
       5
       2
       5
       4
       1
       0
       6
       3
       4
       3
       2
       0
       2
       2
       1
       2
       5
       2
       0
       1
       2
       6
       3
       2
       6
       5
       6
       0
       3
       3
      13
       7
       8
       5
       6
       7
       4
       5
       4
       9
       5
       4
       7
       4
       2
       3
       0
       1
       2
       0
       1
       2
       0
       1
       1
       0
       2
       0
       0
       0
       1
       0
       0
       0
       4
       1
       2
       1
       1
       0
       2
       1
       0
       1
       0
       0
       2
       2
       1
       0
       0
       3
       0
       0
       0
       0
       1
       1
       1
       1
       0
       0
       2
       0
       1
       1
       0
       2
       0
       1
       0
       0
       1
       0
       0
       0
       2
       0
       0
       0
       0
       1
       0
       0
       0
       1
       0
       0
       0
       1
       0
       1
       0
       0
       0
       0
       0
       2
       0
       2
       0
       0
       0
       1
       1
       1
       2
       2
       0
       1
       3
       1
       2
       0
       1
       1
       0
       0
       0
       1
       0
       2
       0
       0
       2
       0
       1
       2
       0
       1
       0
       1
       0
       0
       1
       2
       1
       0
       1
       1
       0
       0
       0
       0
       1
       1
       0
       0
       0
       0
       0
       2
       0
       0
       0
       0
       1
       1
       0
       0
       0
       0
       0
       0
       0
       0
       0
       0
       0
       1
       0
       0
       0
       0
       0
       0
       0
       0
       1
       0
       1
       0
       0
       1
       1
       1
       0
       1
       0
       0
       0
       0
       3
       1
       1
       1
       0
       1
       1
       0
       0
       0
       0
       0
       0
       0
       1
       0
       1
       0
       0
       0
       1
       0
       0
       0
       2
       0
       0
       0
       0
       0
       0
       0
       0
       0
       0
       0
       0
       0
       0
       0
       0
       0
       0
       0
       0
       1
       0
       0
       0
       0
       0
       0
       0
       0
       0
       0
       0
       0
       0
       0
       0
       0
       0
       0
       0
       0
       0
       0
       0
       0
       0
       0
       0
       0
       0
       0
       0
       0
       0
       0
       0
       0
       0
       0
$ROI:
1
106 124
$PRESETS:
Live Time
300
0
$ENER_FIT:
0.000000 0.000000
$MCA_CAL:
3
0.000000E+000 0.000000E+000 0.000000E+000 
$SHAPE_CAL:
3
0.000000E+000 0.000000E+000 0.000000E+000
