$SPEC_ID:
No sample description was entered.
$SPEC_REM:
DET# 1
DETDESC# PRAK01 Easy-MCA-2k SN 15071856
AP# Maestro Version 7.01
$DATE_MEA:
10/05/2002 00:32:45
$MEAS_TIM:
300 300
$DATA:
0 511
       0
       0
       0
       0
       0
       0
       0
       0
       0
       0
       0
       0
       0
       0
       0
       0
       0
       1
      17
     659
     782
     779
     744
     827
     887
     804
     923
     931
     880
     979
    1004
     981
     989
    1045
    1021
    1093
    1149
    1171
    1173
    1242
    1111
    1165
    1096
    1016
    1042
    1014
    1033
    1050
     987
     977
     903
     957
     968
     933
     920
     897
     877
     903
     895
     903
     867
     876
     912
     888
     957
     880
     905
     830
     848
     844
     845
     878
     864
     977
     899
     932
     896
     913
     922
     862
     899
     820
     729
     692
     612
     569
     485
     492
     442
     349
     380
     382
     333
     336
     352
     304
     349
     340
     294
     369
     368
     370
     359
     396
     421
     475
     549
     701
    1029
    1448
    2083
    3069
    3956
    4962
    5839
    6353
    6399
    6082
    5276
    4191
    3252
    2020
    1392
     825
     397
     199
      87
      48
      17
      10
       8
      14
      10
       9
      13
       8
       7
      11
      10
       6
       4
      10
       9
       9
      10
       7
       6
       8
      13
      12
       6
       8
       8
       6
       6
       3
       4
       7
      10
       2
       7
       7
       9
       2
       2
       5
       7
       6
       9
       6
       4
      10
       4
       3
       7
       7
       5
       4
       1
       6
       3
       4
       5
       1
       5
       5
       7
       6
       7
       4
       7
       7
       3
       6
       2
       5
       5
       3
       4
       3
       2
       5
       4
       7
       6
       3
       5
       0
       2
       3
       1
       6
       1
       4
       1
       4
       1
       3
       4
       4
       1
       4
       1
       2
       2
       2
       1
       0
       1
       5
       1
       1
       2
       2
       7
       7
       6
       3
       4
       5
       1
       8
       4
      10
       6
       6
       3
       4
       2
       4
       1
       2
       2
       3
       1
       1
       0
       3
       3
       1
       1
       2
       0
       0
       0
       0
       2
       0
       1
       0
       0
       2
       2
       0
       1
       0
       0
       0
       1
       3
       1
       1
       1
       1
       2
       1
       0
       2
       1
       2
       0
       3
       0
       1
       1
       0
       0
       1
       2
       0
       3
       0
       1
       1
       0
       0
       0
       0
       0
       2
       2
       0
       0
       1
       0
       1
       0
       0
       1
       2
       0
       1
       0
       1
       0
       0
       1
       0
       0
       2
       0
       0
       0
       0
       1
       1
       0
       1
       0
       0
       1
       1
       0
       1
       0
       1
       0
       0
       0
       0
       1
       1
       0
       1
       2
       0
       1
       1
       0
       1
       1
       1
       0
       1
       1
       0
       2
       1
       2
       1
       0
       0
       0
       0
       2
       0
       2
       0
       0
       0
       0
       0
       0
       0
       0
       0
       1
       0
       0
       0
       1
       0
       0
       0
       0
       0
       0
       0
       1
       0
       0
       0
       0
       0
       0
       0
       0
       0
       0
       0
       0
       0
       0
       1
       0
       0
       0
       0
       2
       1
       1
       0
       0
       0
       1
       0
       0
       0
       0
       0
       0
       0
       0
       0
       1
       0
       1
       0
       1
       0
       0
       0
       0
       0
       0
       0
       0
       0
       0
       1
       0
       0
       0
       0
       0
       0
       0
       0
       0
       0
       0
       1
       0
       0
       0
       0
       0
       0
       0
       0
       0
       0
       0
       0
       0
       0
       0
       0
       0
       0
       0
       0
       0
       0
       0
       0
       0
       0
       0
       0
       0
       0
       0
       0
       0
       0
       0
       0
       0
       0
       0
       0
       0
       0
       0
       0
       0
       0
       0
       0
       0
       0
$ROI:
1
106 124
$PRESETS:
Live Time
300
0
$ENER_FIT:
0.000000 0.000000
$MCA_CAL:
3
0.000000E+000 0.000000E+000 0.000000E+000 
$SHAPE_CAL:
3
0.000000E+000 0.000000E+000 0.000000E+000
