$SPEC_ID:
No sample description was entered.
$SPEC_REM:
DET# 1
DETDESC# PRAK01 Easy-MCA-2k SN 15071856
AP# Maestro Version 7.01
$DATE_MEA:
10/05/2002 01:31:07
$MEAS_TIM:
300 300
$DATA:
0 511
       0
       0
       0
       0
       0
       0
       0
       0
       0
       0
       0
       0
       0
       0
       0
       0
       0
       0
       9
     228
     307
     315
     361
     323
     334
     423
     367
     357
     360
     392
     413
     404
     422
     448
     442
     418
     449
     451
     458
     474
     429
     416
     427
     434
     381
     409
     379
     427
     382
     408
     368
     355
     382
     354
     356
     384
     361
     370
     360
     330
     350
     377
     330
     374
     360
     327
     330
     354
     373
     357
     385
     357
     349
     359
     361
     383
     326
     372
     369
     361
     327
     315
     272
     281
     250
     217
     232
     173
     181
     156
     134
     145
     159
     127
     147
     145
     140
     134
     145
     162
     125
     141
     138
     136
     175
     177
     235
     312
     392
     603
     864
    1170
    1509
    1856
    2189
    2516
    2409
    2324
    1985
    1596
    1209
     793
     499
     297
     167
      69
      40
      36
      12
      13
       9
      11
       4
       8
       7
       9
       7
       9
       4
       7
       6
      10
       6
       5
       3
       8
       7
       4
      10
       4
       0
       4
       7
       3
       7
       3
       8
       7
       5
       5
       7
       6
       2
       5
       8
       8
       5
       5
      12
       3
       8
       7
       4
       6
       2
       3
       6
       5
       7
       6
       4
       2
       6
       3
       5
       4
       4
       5
       8
       6
       2
       2
       3
       2
       6
       7
       4
       3
       6
       3
       7
       0
       3
       4
       2
       3
       3
       2
       2
       0
       2
       1
       4
       3
       2
       7
       4
       1
       3
       5
       1
       1
       1
       3
       2
       2
       4
       0
       3
       5
       4
       1
       3
       3
       2
       0
       2
       7
       5
       6
       6
       3
       7
       4
       5
       3
       9
       5
       4
       6
       2
       0
       0
       1
       1
       0
       1
       0
       2
       1
       3
       0
       1
       1
       0
       1
       2
       1
       0
       1
       0
       2
       0
       0
       1
       2
       1
       0
       0
       1
       1
       2
       0
       0
       2
       3
       0
       1
       0
       0
       0
       0
       0
       3
       0
       2
       1
       1
       3
       1
       0
       3
       0
       0
       1
       0
       0
       2
       0
       0
       0
       1
       0
       0
       0
       0
       0
       0
       0
       0
       0
       1
       0
       0
       0
       1
       2
       0
       0
       0
       1
       1
       0
       0
       0
       1
       1
       0
       0
       0
       2
       0
       0
       0
       1
       0
       1
       0
       0
       0
       1
       0
       1
       0
       0
       0
       0
       1
       0
       1
       0
       1
       1
       0
       0
       0
       0
       2
       0
       2
       0
       1
       1
       1
       1
       0
       0
       0
       0
       0
       2
       0
       0
       0
       0
       1
       0
       1
       0
       0
       1
       0
       0
       0
       0
       0
       1
       0
       0
       0
       0
       0
       1
       0
       0
       0
       0
       0
       1
       0
       0
       0
       0
       0
       0
       0
       0
       2
       0
       0
       1
       0
       0
       1
       2
       0
       3
       0
       0
       0
       2
       1
       0
       2
       0
       0
       0
       0
       0
       1
       1
       0
       0
       0
       0
       0
       0
       0
       0
       0
       0
       0
       0
       0
       0
       0
       0
       0
       0
       0
       0
       0
       0
       0
       0
       0
       0
       0
       0
       0
       0
       0
       0
       0
       0
       0
       0
       0
       0
       0
       0
       0
       0
       0
       0
       0
       0
       0
       0
       0
       0
       0
       0
       0
       0
       0
       0
       0
       0
       0
       0
       0
       0
       0
       0
       0
       0
       0
       0
       0
       0
       0
$ROI:
1
105 124
$PRESETS:
Live Time
300
0
$ENER_FIT:
0.000000 0.000000
$MCA_CAL:
3
0.000000E+000 0.000000E+000 0.000000E+000 
$SHAPE_CAL:
3
0.000000E+000 0.000000E+000 0.000000E+000
