$SPEC_ID:
No sample description was entered.
$SPEC_REM:
DET# 1
DETDESC# PRAK01 Easy-MCA-2k SN 15071856
AP# Maestro Version 7.01
$DATE_MEA:
10/05/2002 02:36:32
$MEAS_TIM:
300 300
$DATA:
0 511
       0
       0
       0
       0
       0
       0
       0
       0
       0
       0
       0
       0
       1
       0
       0
       0
       0
       0
       2
     144
     189
     195
     193
     204
     225
     207
     241
     252
     248
     256
     264
     248
     306
     297
     283
     265
     264
     281
     280
     245
     266
     295
     254
     227
     234
     231
     226
     230
     209
     216
     237
     253
     212
     201
     192
     190
     199
     196
     193
     203
     199
     199
     187
     197
     189
     189
     190
     178
     186
     164
     184
     184
     174
     193
     177
     189
     179
     196
     196
     186
     179
     200
     127
     130
     127
     128
      83
     114
      84
      91
      97
      84
      76
      72
      96
      81
      91
      56
      82
      81
      79
      74
      86
      80
     105
     113
     108
     163
     211
     306
     448
     543
     735
     958
    1057
    1187
    1110
    1113
     997
     763
     559
     432
     218
     147
      82
      53
      20
      26
      12
       5
       6
       7
       5
       8
       7
       6
       6
       1
       4
      13
       5
       5
       8
       7
       8
       3
       8
       8
       7
       4
       4
       2
       3
       6
       6
       6
       5
       7
       4
       9
       6
       7
       5
       7
       2
       6
       2
       4
       1
       3
       3
       2
       6
       5
       6
       3
       7
       3
       5
       1
       7
       3
       3
       7
       7
       2
       7
       4
       5
       6
       3
       4
       5
       4
       4
       3
       3
       5
       3
       2
       3
       2
       1
       2
       1
       5
       3
       3
       2
       2
       1
       3
       1
       1
       2
       0
       2
       1
       1
       2
       2
       2
       2
       3
       0
       2
       2
       1
       2
       1
       7
       5
       1
       2
       3
       1
       3
       2
       5
       7
       7
       9
       8
       6
       2
       7
       6
       2
       7
       1
       6
       1
       1
       1
       2
       3
       1
       1
       0
       2
       2
       3
       2
       0
       2
       1
       0
       2
       1
       1
       0
       1
       0
       1
       0
       0
       2
       1
       1
       1
       0
       0
       0
       1
       3
       2
       1
       1
       1
       2
       1
       3
       1
       2
       0
       1
       1
       0
       1
       0
       2
       0
       2
       1
       0
       0
       0
       1
       0
       0
       0
       0
       1
       0
       2
       0
       0
       2
       0
       0
       1
       0
       0
       1
       1
       0
       0
       1
       2
       0
       1
       0
       0
       0
       0
       1
       1
       0
       1
       1
       1
       0
       2
       0
       1
       0
       0
       0
       0
       0
       0
       1
       1
       0
       0
       2
       0
       1
       0
       1
       0
       1
       0
       1
       1
       1
       0
       0
       0
       0
       1
       0
       0
       0
       0
       0
       1
       1
       2
       0
       1
       0
       1
       1
       0
       1
       0
       1
       2
       1
       0
       0
       0
       0
       1
       0
       0
       2
       0
       0
       0
       0
       0
       1
       0
       0
       0
       0
       0
       0
       0
       0
       0
       0
       0
       0
       0
       0
       0
       1
       0
       1
       1
       1
       0
       0
       1
       0
       2
       1
       0
       1
       1
       0
       1
       0
       0
       1
       0
       0
       0
       0
       0
       0
       0
       0
       0
       1
       0
       0
       0
       0
       0
       0
       0
       0
       0
       0
       0
       0
       0
       0
       0
       0
       1
       0
       1
       0
       0
       0
       0
       0
       0
       0
       0
       0
       0
       0
       0
       0
       0
       0
       0
       0
       0
       0
       0
       0
       0
       0
       0
       0
       0
       0
       0
       0
       0
       0
       0
       0
       0
       0
       0
       0
       0
       0
       0
       0
       0
       0
       0
       0
$ROI:
1
105 124
$PRESETS:
Live Time
300
0
$ENER_FIT:
0.000000 0.000000
$MCA_CAL:
3
0.000000E+000 0.000000E+000 0.000000E+000 
$SHAPE_CAL:
3
0.000000E+000 0.000000E+000 0.000000E+000
