$SPEC_ID:
No sample description was entered.
$SPEC_REM:
DET# 1
DETDESC# PRAK01 Easy-MCA-2k SN 15071856
AP# Maestro Version 7.01
$DATE_MEA:
10/05/2002 01:58:17
$MEAS_TIM:
300 300
$DATA:
0 511
       0
       0
       0
       0
       0
       0
       0
       0
       0
       0
       0
       0
       0
       0
       0
       0
       0
       0
       4
     223
     306
     307
     271
     289
     323
     305
     356
     361
     376
     347
     371
     392
     389
     393
     378
     371
     393
     417
     394
     390
     385
     385
     387
     396
     378
     356
     359
     345
     331
     344
     353
     327
     287
     302
     289
     324
     311
     307
     343
     261
     279
     323
     284
     280
     307
     307
     307
     309
     293
     338
     278
     304
     290
     269
     253
     298
     288
     285
     287
     296
     272
     287
     252
     236
     198
     185
     167
     134
     138
     124
     139
     131
     160
      98
     105
     110
     115
     120
     132
     121
     118
     120
     129
     142
     138
     145
     155
     268
     335
     465
     715
     998
    1203
    1625
    1889
    1962
    1966
    1967
    1626
    1335
     962
     644
     436
     241
     107
      77
      37
      25
       9
       8
      11
       7
       6
       6
       2
      12
       8
      10
      13
       3
       3
       8
       0
       5
       6
      10
       5
       8
       5
       3
       8
       4
       3
       7
       6
       5
       5
       7
       5
       8
       3
       7
       5
       6
       3
       2
       4
       9
       8
       6
      11
       4
       6
       3
       6
       4
       4
       5
       5
       5
       3
       6
       2
       4
       5
       3
       6
       7
       6
       7
       5
       3
       7
       2
       2
       5
       6
       8
       4
       4
       4
       4
       0
       5
       0
       1
       4
       4
       4
       4
       1
       3
       7
       3
       1
       3
       2
       2
       0
       2
       1
       2
       4
       3
       2
       2
       1
       1
       1
       1
       6
       1
       5
       4
       1
       3
       7
       3
       6
       9
       4
       4
       3
       6
       6
       2
       2
       6
       6
       4
       1
       4
       2
       0
       1
       2
       1
       3
       2
       1
       2
       2
       0
       0
       0
       0
       1
       1
       1
       0
       1
       1
       0
       0
       0
       0
       1
       1
       1
       0
       0
       1
       1
       1
       1
       3
       0
       2
       1
       2
       1
       0
       2
       0
       0
       0
       2
       1
       0
       0
       2
       1
       2
       1
       0
       1
       0
       0
       2
       0
       1
       0
       0
       0
       1
       0
       0
       1
       2
       1
       0
       0
       1
       0
       1
       1
       0
       0
       1
       4
       3
       1
       0
       0
       1
       0
       0
       1
       0
       0
       0
       0
       0
       0
       0
       0
       0
       0
       2
       0
       1
       0
       0
       0
       1
       0
       1
       0
       0
       0
       1
       0
       0
       0
       1
       0
       1
       0
       1
       0
       1
       0
       0
       1
       0
       0
       0
       0
       0
       0
       1
       1
       1
       0
       0
       0
       0
       0
       1
       0
       1
       1
       0
       0
       0
       1
       0
       0
       0
       0
       0
       0
       0
       1
       0
       0
       0
       0
       0
       0
       0
       0
       0
       1
       0
       0
       1
       0
       0
       1
       0
       0
       0
       0
       0
       1
       1
       1
       1
       0
       0
       0
       0
       0
       0
       0
       0
       0
       1
       0
       0
       0
       0
       0
       0
       0
       0
       0
       0
       0
       0
       0
       0
       0
       0
       0
       0
       0
       0
       0
       0
       0
       0
       0
       1
       0
       0
       0
       0
       0
       0
       0
       0
       0
       0
       0
       0
       1
       0
       0
       0
       0
       0
       0
       0
       0
       0
       0
       0
       0
       0
       0
       0
       0
       0
       0
       0
       0
       0
       0
       0
       0
       0
       0
       0
       0
       0
       0
       0
       0
       0
       0
$ROI:
1
105 124
$PRESETS:
Live Time
300
0
$ENER_FIT:
0.000000 0.000000
$MCA_CAL:
3
0.000000E+000 0.000000E+000 0.000000E+000 
$SHAPE_CAL:
3
0.000000E+000 0.000000E+000 0.000000E+000
