$SPEC_ID:
No sample description was entered.
$SPEC_REM:
DET# 1
DETDESC# PRAK01 Easy-MCA-2k SN 15071856
AP# Maestro Version 7.01
$DATE_MEA:
10/05/2002 01:51:21
$MEAS_TIM:
300 300
$DATA:
0 511
       0
       0
       0
       0
       0
       0
       0
       0
       0
       0
       0
       1
       0
       3
       1
       5
       7
       4
       7
     140
     154
     206
     181
     220
     229
     212
     229
     252
     249
     249
     213
     251
     242
     265
     255
     244
     261
     254
     291
     245
     271
     273
     251
     238
     204
     238
     237
     233
     218
     211
     233
     201
     226
     210
     187
     226
     204
     177
     186
     179
     199
     174
     193
     163
     159
     181
     164
     169
     179
     182
     177
     189
     179
     185
     161
     160
     151
     203
     187
     173
     179
     155
     156
     129
     135
     146
     112
      84
     106
      99
      80
      77
      90
      73
      65
      97
      60
      70
      70
      90
      62
      74
      83
      86
     101
      80
     113
     140
     188
     251
     376
     489
     699
     867
     944
    1066
    1025
    1038
     865
     803
     558
     470
     252
     191
     101
      41
      39
      19
      11
      11
      11
       4
       9
      10
       5
      13
       3
      12
       7
       9
       7
       5
       3
      12
       4
       5
       5
       5
       4
      10
       6
       6
       7
       7
       5
       6
       6
      16
       7
      11
      12
       8
       6
       6
       7
       3
      12
       6
       7
       4
       5
       5
       3
       3
       4
       5
       7
       4
       4
       2
       3
       8
       4
       8
       1
       7
       6
       7
       9
       6
       4
       4
       2
       4
       3
       1
       6
       7
       2
       3
       0
       4
       6
       6
       2
       2
       4
       3
       1
       4
       2
       4
       2
       3
       1
       2
       2
       0
       2
       4
       1
       0
       2
       3
       2
       0
       4
       3
       2
       5
       4
       1
       1
       1
       2
       6
       4
       6
       3
       4
       4
       4
       8
       3
       9
       8
       5
       6
       4
       5
       6
       2
       5
       2
       1
       0
       3
       2
       0
       1
       0
       1
       1
       1
       2
       1
       0
       1
       2
       3
       1
       0
       1
       2
       0
       1
       0
       1
       0
       1
       1
       1
       4
       1
       3
       0
       0
       4
       1
       0
       0
       1
       2
       1
       2
       2
       2
       0
       1
       2
       0
       1
       0
       3
       1
       0
       0
       0
       1
       2
       1
       1
       0
       1
       0
       0
       0
       1
       1
       2
       0
       1
       0
       1
       0
       1
       0
       1
       0
       0
       2
       0
       0
       0
       1
       1
       2
       1
       1
       0
       1
       0
       0
       0
       1
       1
       0
       0
       0
       1
       1
       0
       0
       2
       0
       1
       1
       0
       0
       1
       2
       0
       2
       0
       1
       2
       2
       1
       0
       0
       0
       0
       0
       0
       2
       0
       1
       0
       0
       1
       2
       0
       0
       0
       0
       0
       0
       0
       1
       0
       0
       1
       1
       0
       0
       2
       0
       0
       0
       0
       0
       0
       0
       1
       0
       1
       0
       0
       0
       0
       1
       1
       0
       2
       0
       0
       1
       2
       0
       0
       0
       1
       1
       0
       0
       0
       0
       0
       1
       0
       1
       1
       0
       0
       1
       0
       0
       0
       0
       0
       0
       0
       0
       0
       0
       1
       1
       0
       0
       0
       0
       0
       0
       0
       0
       0
       0
       0
       0
       0
       0
       0
       0
       0
       0
       0
       0
       0
       0
       0
       0
       0
       0
       0
       0
       0
       0
       0
       0
       0
       0
       0
       0
       0
       0
       0
       0
       0
       0
       0
       0
       0
       0
       0
       0
       0
       0
       0
       0
       0
       0
       0
       0
       0
       0
       0
       0
       0
       0
       0
       0
       0
$ROI:
1
105 124
$PRESETS:
Live Time
300
0
$ENER_FIT:
0.000000 0.000000
$MCA_CAL:
3
0.000000E+000 0.000000E+000 0.000000E+000 
$SHAPE_CAL:
3
0.000000E+000 0.000000E+000 0.000000E+000
