$SPEC_ID:
No sample description was entered.
$SPEC_REM:
DET# 1
DETDESC# PRAK01 Easy-MCA-2k SN 15071856
AP# Maestro Version 7.01
$DATE_MEA:
10/05/2002 00:25:28
$MEAS_TIM:
300 300
$DATA:
0 511
       0
       0
       0
       0
       0
       0
       0
       0
       0
       0
       0
       0
       0
       0
       0
       0
       0
       0
      16
     611
     786
     824
     789
     821
     814
     877
     939
     929
     929
     975
     956
     999
    1010
    1011
    1039
    1093
    1118
    1148
    1179
    1202
    1207
    1193
    1109
    1133
    1059
    1021
     988
     991
    1027
    1003
     941
     960
     957
     974
     923
     882
     917
     907
     838
     894
     883
     929
     899
     933
     787
     919
     850
     926
     910
     877
     866
     937
     916
     936
     881
     922
     920
     958
     919
     920
     873
     800
     795
     722
     637
     598
     512
     428
     435
     428
     325
     374
     351
     361
     336
     325
     329
     341
     295
     357
     362
     351
     401
     356
     443
     482
     564
     755
    1025
    1598
    2251
    3070
    4192
    5120
    5840
    6512
    6380
    5951
    5124
    4107
    3031
    2064
    1226
     715
     369
     184
      77
      39
      11
       9
       9
      10
       2
       6
      14
       7
       6
       8
       7
       5
       8
       8
       8
      10
       6
       9
       8
       5
       6
       0
       6
       7
      18
       6
       9
       6
       5
      10
      10
       7
       5
       9
      10
       7
       2
       4
       5
       1
       5
       5
       5
       5
       6
       9
       4
       4
       8
       3
       5
       5
       9
       4
       3
       6
       4
       3
       7
       5
       5
       4
       6
       2
       4
       2
       4
       1
       2
       7
       6
       1
       1
       2
       4
       5
       4
       3
       4
       2
       2
       2
       3
       3
       2
       4
       5
       2
       4
       2
       2
       3
       3
       0
       5
       1
       2
       4
       7
       1
       2
       1
       4
       4
       4
       4
       6
       9
       7
       3
       6
       6
       4
       5
       5
       2
       8
       6
       5
       1
       2
       2
       2
       1
       1
       0
       1
       0
       0
       3
       2
       1
       3
       1
       1
       3
       0
       3
       3
       1
       1
       0
       0
       0
       1
       0
       1
       2
       1
       2
       2
       0
       0
       1
       0
       1
       0
       1
       3
       2
       1
       3
       3
       1
       0
       0
       1
       1
       1
       2
       3
       0
       0
       1
       0
       1
       0
       0
       1
       0
       0
       1
       1
       1
       1
       1
       0
       0
       1
       1
       1
       2
       0
       0
       0
       0
       1
       0
       1
       1
       0
       0
       0
       1
       0
       2
       0
       0
       1
       0
       0
       0
       0
       0
       0
       1
       0
       0
       0
       1
       0
       0
       0
       1
       0
       0
       0
       0
       1
       1
       0
       0
       0
       0
       1
       2
       0
       0
       0
       1
       1
       1
       0
       0
       2
       1
       1
       1
       0
       0
       0
       0
       0
       1
       0
       0
       1
       0
       0
       0
       1
       0
       0
       0
       0
       0
       0
       0
       0
       0
       1
       0
       0
       0
       0
       0
       0
       0
       1
       0
       0
       0
       0
       0
       0
       0
       1
       0
       0
       0
       0
       1
       2
       2
       0
       0
       0
       0
       0
       1
       2
       0
       2
       0
       0
       2
       1
       1
       0
       0
       0
       0
       0
       0
       0
       0
       0
       0
       0
       0
       0
       0
       0
       0
       0
       0
       0
       0
       0
       0
       0
       0
       1
       0
       0
       1
       1
       0
       0
       0
       0
       0
       0
       0
       0
       0
       0
       0
       0
       0
       0
       0
       0
       0
       0
       0
       0
       0
       0
       0
       0
       0
       0
       0
       0
       0
       0
       0
       0
       0
       0
       0
       0
       0
       0
       0
       0
       0
       0
       0
       0
       0
       0
       0
$ROI:
1
106 124
$PRESETS:
Live Time
300
0
$ENER_FIT:
0.000000 0.000000
$MCA_CAL:
3
0.000000E+000 0.000000E+000 0.000000E+000 
$SHAPE_CAL:
3
0.000000E+000 0.000000E+000 0.000000E+000
