#Anzahl Myonen
  329
  142
  344
  160
  150
  141
  145
  134
  153
  143
  121
  153
  134
  151
  141
  156
  133
  152
  129
  120
  118
  146
  176
  210
  213
  213
  217
  164
  139
  127
  120
  117
  117
  100
  117
  112
   95
  119
  110
   96
   92
  108
  112
   95
   92
  101
   72
   92
  115
   92
   89
   90
  104
   91
  120
   76
  113
   92
   87
   98
   78
   80
   78
   80
   79
   87
   89
   88
   72
   75
   81
   85
   81
   67
   62
   69
   72
   66
   65
   78
   62
   66
   53
   75
   68
   56
   58
   49
   65
   59
   72
   68
   51
   69
   51
   61
   67
   61
   58
   61
   49
   53
   61
   61
   34
   53
   55
   64
   47
   56
   62
   59
   54
   52
   45
   46
   50
   51
   38
   44
   50
   49
   50
   43
   42
   39
   35
   48
   49
   43
   50
   32
   41
   34
   43
   33
   49
   40
   23
   37
   37
   39
   47
   30
   36
   42
   33
   36
   37
   38
   23
   24
   30
   38
   36
   40
   32
   23
   38
   29
   28
   21
   28
   29
   39
   24
   30
   26
   24
   35
   31
   27
   20
   29
   39
   29
   31
   28
   24
   25
   27
   25
   22
   23
   22
   29
   21
   30
   23
   22
   23
   31
   26
   25
   21
   20
   23
   17
   29
   24
   11
   19
   27
   19
   30
   22
   16
   15
   20
   20
   15
   19
   17
   24
   16
   20
   24
   17
   24
   14
   18
   20
   14
   13
   14
   14
   13
   21
   17
   10
   14
   16
   16
   15
   18
   13
   16
   21
   11
   11
   17
   12
    3
   11
    9
    9
   13
   13
    9
   14
   13
   19
   10
   11
    5
   11
    8
   13
   16
   13
   11
    9
   10
   12
   12
   12
    7
   11
   15
   14
   10
    9
   16
    7
   10
   11
   11
   10
   11
   13
   12
    7
    6
    6
   10
   15
   13
   11
   12
   12
    8
    6
   11
    5
    7
    8
    6
    9
    6
   20
    5
   10
    4
    9
    6
    5
    7
    6
    7
    3
    6
    8
    7
   10
    7
    5
    7
    5
   12
    9
   12
    7
    5
    8
    4
    7
    6
    4
   10
    8
    5
    7
    8
    9
    3
    8
    5
    6
   10
    6
    5
    6
    6
    3
    5
    8
    4
    4
    6
    4
    5
    6
    6
   10
    4
    4
    6
    3
    5
    7
    2
    7
    6
    2
    2
    6
    9
    4
    3
    1
    6
    2
    7
    6
    2
    3
    3
    6
    4
    8
    7
    6
    7
    5
    5
   10
    6
   10
    2
    4
    4
    2
    3
    6
    4
    5
    7
    3
   10
    6
    2
    4
    7
    2
    3
    3
    2
    8
    2
    4
    4
    5
    2
    6
    4
    6
    2
    3
    1
    4
    5
    2
    6
    4
    1
    6
    2
    7
    2
    2
    3
    4
    3
    3
    4
    3
    3
    2
    3
    2
    3
    3
    4
    2
    4
    1
    4
    1
    5
    1
    4
    1
    3
    1
    1
    2
    4
    5
    2
    8
    1
    4
    2
    6
    4
    7
    7
    4
    3
    2
    4
    5
    1
    3
    5
    2
    3
    3
    2
    3
    2
    3
    4
    3
    3
    4
    1
    4
    6
    3
    1
