$SPEC_ID:
No sample description was entered.
$SPEC_REM:
DET# 1
DETDESC# MCB 338
AP# Maestro Version 6.06
$DATE_MEA:
11/14/2018 09:19:03
$MEAS_TIM:
3960 3962
$DATA:
0 8191
       0
       0
       0
       0
       0
       0
       0
       0
       0
       0
       0
       0
       0
       0
       0
       0
       0
       0
       0
       0
       0
       0
       0
       0
       0
       0
       0
       0
       0
       0
       0
       0
       0
       0
       0
       0
       0
       0
       0
       0
       0
       0
       0
       0
       0
       0
       0
       0
       0
       0
       1
       9
      29
      35
      88
     107
     121
     107
     125
     121
     138
     108
     107
     106
     121
     112
     119
     124
     121
     103
     114
      91
     101
      92
     106
     118
      95
     103
     116
     102
     115
     105
     100
     105
      94
      97
      96
     103
      95
      91
     103
     107
     101
      99
      91
      93
     101
      94
     112
      86
     107
     102
      97
     127
     190
     244
     279
     199
     118
      91
      85
      99
      96
      85
      95
      97
      79
     109
     178
     238
     203
     139
     138
     130
      75
      76
      57
      75
      78
      71
      54
      58
      63
      69
      72
      66
      80
      65
      68
      64
      62
      68
      68
      69
      67
      65
      65
      75
      68
      60
      62
      54
      68
      77
      71
      60
      75
      61
      72
      64
      61
      62
      61
      58
      54
      52
      50
      55
      67
      72
      83
      67
      62
      63
      67
      48
      70
      75
      72
      63
      65
      69
      77
      60
      65
      80
      86
      85
      85
      64
      84
      68
      82
     106
      92
      84
      84
      81
      72
      66
      62
      79
      69
      58
      57
      81
     105
      69
      95
     101
      84
      83
      97
     109
     117
     105
     140
     123
     121
     109
      96
      99
     108
     109
      95
      92
      92
      96
      89
      77
      83
      80
      77
      76
      98
      94
      89
      86
      68
      77
      77
      73
      78
      85
      72
      70
      91
      79
      83
      88
      74
      83
      81
      78
     103
      95
      84
      92
      80
      82
      89
      95
      80
      82
      88
      84
      85
      78
      85
      94
     103
      98
     111
      82
      96
      85
      87
      70
     119
      97
      94
     125
     107
     118
      98
     106
      90
     101
      94
      90
     116
     104
     120
     118
     126
     113
     102
     110
     124
      88
     119
     119
      83
     111
     107
     133
     293
    1254
    3547
    4604
    3010
     898
     190
      83
      81
      74
      53
      65
      80
      76
      84
      79
      59
      75
      63
      64
      84
      70
      59
      77
      78
      70
      67
      77
      71
      78
      65
      73
      82
      71
      70
      74
      68
      65
      63
      84
      61
      61
      73
      58
      67
      59
      54
      66
      59
      71
      70
      64
      49
      77
      75
      69
      75
      63
      63
      79
      71
      87
      95
      82
      54
      76
      90
      94
      90
      75
     104
      91
      84
      83
      79
      87
     111
      76
     102
      96
      85
      84
      82
      80
      82
      88
      81
      76
      69
      83
      93
      82
      80
      72
      99
      67
      77
      78
      66
      82
      64
      63
      80
      79
      56
      70
      68
      67
      64
      73
      70
      64
      80
      71
      74
      67
      68
      71
      60
      66
      71
      65
      64
      62
      72
      68
      58
      71
      60
      76
      61
      51
      61
      55
      61
      61
      68
      66
      70
      59
      80
      52
      74
      67
      76
      62
      64
      65
      58
      58
      49
      70
      63
      59
      62
      38
      81
      57
      65
      74
      97
      81
      64
      66
      47
      82
      51
      69
      68
      67
      58
      79
      67
      71
      66
      72
      54
      78
      78
      51
      75
      65
      68
      57
      68
      50
      81
      74
      54
      76
      76
      69
      59
      59
      50
      71
      59
      47
      51
      62
      75
      54
      57
      53
      57
      54
      54
      65
      59
      66
      58
      55
      70
      56
      62
      64
      63
      52
      71
      55
      56
      62
      65
      76
      59
      57
      55
      80
      69
      64
      56
      59
      52
      67
      63
      55
      67
      59
      49
      59
      65
      51
      57
      58
      43
      49
      43
      52
      53
      41
      63
      52
      55
      55
      69
      54
      38
      51
      49
      54
      55
      50
      73
      61
      52
      39
      54
      43
      62
      52
      51
      33
      45
      52
      45
      39
      36
      52
      38
      37
      40
      52
      39
      38
      44
      51
      62
      33
      43
      53
      39
      48
      41
      45
      50
      33
      44
      37
      28
      50
      41
      42
      36
      38
      48
      78
     241
     615
     723
     538
     272
     102
      44
      34
      37
      45
      39
      38
      48
      35
      34
      36
      35
      44
      41
      39
      34
      35
      29
      31
      33
      34
      23
      45
      25
      38
      29
      30
      43
      23
      31
      28
      28
      24
      39
      29
      23
      27
      36
      33
      29
      41
      29
      23
      25
      34
      33
      32
      33
      41
      25
      23
      29
      25
      34
      39
      36
      38
      37
      37
      40
      35
      31
      44
      31
      44
      22
      25
      27
      33
      38
      31
      27
      38
      29
      34
      37
      29
      23
      30
      27
      28
      20
      34
      33
      19
      25
      33
      23
      27
      24
      31
      28
      23
      17
      25
      29
      28
      18
      26
      31
      37
      28
      25
      33
      25
      23
      19
      33
      19
      29
      28
      35
      29
      27
      28
      30
      23
      33
      31
      28
      35
      26
      38
      41
      47
      41
      35
      32
      24
      23
      22
      20
      23
      23
      33
      33
      22
      29
      25
      23
      30
      27
      27
      21
      32
      16
      20
      15
      37
      28
      25
      25
      21
      21
      25
      27
      17
      31
      23
      24
      31
      32
      30
      26
      30
      19
      24
      32
      28
      35
      17
      33
      21
      21
      28
      36
      20
      30
      19
      19
      19
      28
      21
      27
      24
      20
      20
      14
      28
      23
      20
      25
      22
      22
      32
      34
      43
      23
      21
      17
      30
      19
      20
      26
      34
      22
      32
      34
      32
      23
      20
      22
      24
      14
      14
      25
      18
      29
      33
      24
      22
      14
      25
      26
      23
      19
      28
      21
      17
      30
      17
      20
      25
      20
      27
      33
      32
      22
      32
      38
      74
     240
     639
    1151
    1468
    1189
     660
     237
      68
      24
      20
      21
      16
      18
      13
      24
      18
      15
      17
      23
      17
      15
      20
      18
      18
      17
      16
      16
      18
      16
      17
      17
      25
      19
      20
      21
      16
      18
      15
      15
      11
      12
      16
      16
      14
      19
      11
      18
      24
      22
      22
      16
      20
      18
      27
      24
      23
      17
      18
      24
      28
      50
      56
      67
      43
      24
      17
      26
      18
      17
      21
      14
      15
      24
      20
      21
      18
      17
      21
      16
      12
      15
      14
      16
      23
      23
      12
      20
      20
      21
      19
      24
      16
      24
      21
      15
      16
      16
      16
      17
      13
      17
      16
      17
      19
      15
      23
      13
      25
      23
      14
      23
      10
      18
      23
      18
      12
      21
      23
      13
      19
      11
      17
      19
      24
      14
      21
      20
      14
      18
      15
      22
      22
      15
      14
      20
      18
      14
      19
      24
      16
      10
      18
      14
      15
      19
      21
      16
      14
      16
      15
      23
      23
      15
      12
      12
      11
      20
      13
      18
       8
      14
      17
      16
      22
      17
      26
      40
      59
     104
     107
      70
      47
      36
      25
      13
      27
      17
      23
      11
      16
      16
      14
      14
      16
       9
      14
      12
      13
       9
      29
      23
      13
      15
      15
      20
      14
      12
      14
      13
      23
      18
      19
      16
      12
      21
      13
      14
      17
      19
      16
      10
      12
      16
      13
      19
      20
      11
      12
      21
      21
      13
      20
      17
      16
      17
      17
      10
      16
      23
      18
      15
      12
      17
      12
      19
      11
      20
      13
      20
      10
      23
      20
      19
      19
      18
      18
      16
      41
      74
      80
     127
     107
      84
      43
      25
      23
      17
      17
      19
      11
      18
      20
       7
      11
       9
      18
      13
      27
      22
      20
       9
      10
      20
      11
      16
      21
      18
      15
      12
      16
      15
      19
      19
      22
      18
      11
      21
      12
      12
      17
      16
      18
      14
      19
      10
      16
      18
      16
      12
      23
      19
      16
      13
      22
      13
      18
      17
      12
      15
      14
      15
      12
      15
      19
      14
      11
      16
      22
      17
      21
      12
      16
      14
       8
      16
      13
      16
      26
      16
      13
      16
      19
      13
      12
      15
      14
      13
      13
      21
      16
      14
      19
      20
      19
      15
      17
      18
      11
      12
      17
      17
      11
      20
      17
      11
      21
      20
      22
      13
      26
      33
      23
      21
      26
      22
      14
      19
      23
      12
      17
      22
      20
      24
       8
      21
      17
      16
      15
      30
      17
      16
      15
      20
      21
      20
      18
      15
      18
      14
      21
      15
      18
      27
      13
      19
      12
      14
      21
      16
      13
      27
      14
      18
       9
      24
      19
      17
      16
      20
      20
      10
      18
      20
      27
      20
      17
      14
      27
      22
      22
      32
      12
      20
      16
      18
      12
      17
      19
      12
      18
      23
      22
      30
      25
      17
      14
      14
      16
      16
      17
      22
      19
      15
      19
      19
      14
      19
      17
      24
      11
      15
      21
      20
      24
      16
      15
      10
      16
      15
      22
      16
      18
      15
      11
      11
      23
      23
      17
      21
      15
      14
      26
      18
      20
      13
      13
      11
      18
      21
      17
      27
      18
      19
      13
      16
      18
      21
      16
      14
      25
      15
      11
      13
      20
      12
      20
       9
      14
      22
      21
      17
      18
      14
      16
      18
      20
      18
      17
      19
      17
      13
      17
      16
      17
      21
      18
      17
      13
      20
      18
      19
      15
      12
      25
      16
      18
      16
      12
      18
      19
      20
      17
      15
      19
      13
      18
      14
      19
      16
      13
      19
      13
      12
      16
      15
      18
      29
      29
      28
      29
      23
      21
      28
      28
      23
      21
      26
      18
      11
      12
      15
      20
      17
      20
      15
      21
      14
      19
      22
      15
      15
      17
      24
      14
      23
      22
      19
      21
      21
      15
      17
      20
      24
      18
      22
      23
      15
      18
      11
      14
      20
      18
      23
      17
      16
      15
      13
      19
      24
      15
      15
      20
      21
      22
      21
      26
      23
      27
      17
      17
      15
      20
      19
      17
       7
      12
      20
      14
      14
      14
      13
      17
      18
      16
      24
      25
      20
      13
      18
      14
      19
      14
      17
      16
      10
       6
       9
      10
      11
      12
      15
      11
      22
      17
      19
      12
      16
      16
      22
      13
      13
      23
      18
      11
      14
       8
      17
      17
      14
      16
      14
      13
      12
      16
      17
      13
      10
      13
      16
      17
      15
      17
      20
      14
      14
      11
      15
      19
      14
      13
      18
      12
      14
      15
      14
      16
      16
      11
      11
      17
       8
      12
       8
      15
      16
      10
      16
      18
       8
      18
      14
       7
       5
      15
      17
      19
      13
      10
      14
      12
      17
      19
      17
      18
      20
      15
      13
      20
      12
      19
      21
      15
      16
      11
      17
      24
      14
       9
       9
      18
      10
      17
      10
      13
      24
       9
      15
      23
      10
      22
      16
      18
      12
       9
      15
       9
      16
      16
      12
      17
      12
      12
      14
      10
      13
      13
      13
      13
      17
      12
      16
      10
      19
      19
      11
      17
      13
      14
      10
      18
       8
      15
       8
      23
      27
      11
      16
      25
      16
      13
      17
      18
      20
      12
      15
      11
      11
      11
      13
      15
      17
      13
      19
      24
      12
      10
      18
      12
      14
      15
      17
      10
      16
      14
       9
      11
      14
      14
      17
      23
      18
      11
      18
       8
      14
      17
      17
      10
      12
       9
      15
      16
      13
      25
      11
      17
      13
      21
      14
      17
      17
      21
      20
      26
      16
      22
      13
      13
      15
      19
       9
      13
      11
      21
      10
      14
      18
      12
       5
      13
       8
       8
      13
      17
      16
      21
      20
      28
      25
      20
      25
      17
      12
      10
      26
      13
       7
      16
      15
      11
      12
       9
      13
      14
      17
      12
      14
      12
      13
      14
       8
      12
      11
       8
      11
      15
      13
      16
      14
      17
       7
      12
      13
      10
      16
      12
      14
      19
      14
       9
      13
      12
      14
      11
       8
      17
      16
      14
      16
      18
      10
       6
      13
      10
      11
      16
      17
      17
      19
      17
       9
      14
      16
      19
      14
      16
      23
      13
      22
      11
      10
      17
      21
      29
      19
      20
      17
      14
      10
      10
      16
      18
      18
      16
      15
      15
      13
      14
      17
      15
      13
      16
      17
      17
      18
      15
      12
      15
      10
       9
      22
      15
      10
      16
      17
      18
      14
      12
      12
      11
      23
      10
      11
      14
      10
      16
      13
      15
      14
      12
      13
      12
      13
      12
      11
       6
      16
       8
      12
      11
      15
      16
      16
      16
      16
      16
      16
      20
      14
      17
      11
      18
      13
      20
      17
      20
      12
       9
       9
      11
      18
      10
      15
      16
      17
      15
      12
      12
      14
      16
      24
       8
      20
      11
      16
      12
      23
      17
       7
      16
      16
       7
      15
      12
      12
      13
       8
      11
      13
       7
      11
      16
      16
      15
      13
      15
      13
      12
      23
      22
      12
       9
      12
      13
       5
      17
      14
      18
       7
      17
      12
       9
      19
      12
      13
       7
      16
      11
      16
      15
      15
      14
      11
      16
      16
      21
      33
      66
      89
     141
     139
     174
     201
     183
     141
      51
      37
      22
      11
      14
      11
      13
      12
      17
      15
      16
      11
      11
      11
      19
       9
      11
       9
      13
      16
       8
       9
      10
      10
      13
      10
      10
      13
      11
      11
      13
      14
      10
      11
      16
      13
       9
      12
      13
       9
       9
       8
       8
      10
      14
      10
       9
      19
      10
      12
      18
      12
      17
      10
       9
      11
       9
      17
      12
      10
      17
      15
      18
      15
       7
       8
       5
      10
      12
      18
      12
      14
      22
      16
      18
      18
       8
      12
      17
      11
      12
       9
      10
      14
      11
       7
       8
      11
      11
      16
       4
      12
      12
      12
      14
       5
      16
      11
      10
      12
      17
       8
      10
      11
      10
      19
       5
      12
      13
      16
      14
      12
      13
      15
      10
       7
      16
      14
      11
      14
      13
      18
       8
      10
       9
      18
       6
      10
       8
       8
       9
      13
      13
       9
      10
      16
      11
      17
      20
      10
      16
      10
      10
       9
       9
      13
       6
      11
      14
      13
      14
       9
      15
      16
      13
      15
      12
      13
      15
      12
      11
      10
      14
      12
      17
      12
      12
       8
       9
      12
      11
      10
      11
       7
       9
      19
      13
       9
       7
       8
      12
      13
      18
      13
      13
      11
      17
      12
      17
      14
      16
      12
      12
      10
      15
      10
      15
      14
      14
      19
       7
      13
      16
      16
      13
      19
       9
      14
      10
      11
      16
      21
      22
      33
      54
      52
      63
      44
      49
      26
      26
      14
      11
       9
      14
      15
      13
      13
      10
      10
      16
      11
      16
       9
      12
       6
      14
       8
      14
       7
      11
       9
      10
       8
      11
      10
      10
      16
       4
      12
       9
      13
      21
       7
      11
      11
      14
      16
      16
       9
      13
      11
      14
      19
      10
       7
       9
      16
      17
      12
      13
      12
       9
      10
       9
       8
      12
      11
      12
       7
       8
      10
      10
      14
      15
      11
      11
      12
       9
      11
       8
       8
      17
       8
      14
       9
      13
      11
      11
       7
       8
      17
      10
      10
      20
      14
      12
      10
       7
       9
       6
       2
      13
       9
       9
       9
      12
      12
       6
       5
      11
       6
       9
       7
      12
      17
      13
       8
      11
      10
      13
       9
       9
      13
      10
       4
       9
       8
       9
      11
      11
      11
      12
      20
      14
      13
      17
       9
       4
      16
      10
       6
      11
       9
       5
       5
       7
       8
       7
       8
       9
      17
      13
      15
      10
       3
       8
       6
       9
       8
       4
       5
      11
       7
      10
      10
       3
      11
       5
      11
       2
      11
       9
      14
       3
       6
       4
       3
       9
       9
       8
       6
       8
       3
       5
      10
       4
       8
       8
       1
       6
      10
      12
      10
       6
       9
       8
       6
      10
       3
       9
      10
       3
       4
       6
       4
      10
       8
       5
      13
       4
       7
       7
       9
      11
       4
       5
       5
       3
       4
       8
       7
       3
       7
       7
       3
       9
       4
      12
      10
       7
       8
      16
      12
       9
      13
       4
      11
      13
      24
      33
      51
      67
      91
     121
     135
     148
     135
     117
      97
      48
      23
       9
      11
       8
       3
       5
       5
       3
       8
       7
       3
       7
       7
       6
       5
       5
       8
       6
       4
       4
       5
       6
       8
       5
       2
       7
       3
       7
      10
       4
       9
       8
       5
       3
       4
      11
       1
      10
       4
       4
       4
       7
       1
       7
       7
       9
       4
       6
       8
       3
       6
       6
       4
      10
       8
       5
       4
       6
       8
       3
       5
       6
       2
      10
       8
       9
       9
       8
       8
       3
       6
       6
       6
       2
      10
       6
       2
       9
       5
       6
       6
       2
       2
       7
       6
       3
       8
       9
       4
       3
       4
       3
       5
       7
      13
      11
      11
       9
      15
       9
      10
       8
       7
       9
       4
       8
       4
       5
       4
       1
       8
       6
       3
       7
       5
       7
       8
       5
       0
       4
       5
       7
       6
       2
       8
       4
       9
       4
       4
       4
       4
       3
       4
       5
       5
       6
       6
       7
       5
       5
       5
       6
       5
       8
       8
       5
       9
       3
       2
       6
       5
       8
       7
       4
       1
       7
       8
       6
       5
       5
       3
       4
       4
       8
       8
       1
       7
       4
       6
       2
       2
       6
       2
       1
       6
       4
       8
       6
       2
       5
       7
       4
       6
       5
       3
       3
       9
       4
       5
       4
       4
       6
       3
       3
       3
       3
       5
       5
       8
       5
       4
       6
      10
       5
       4
       8
       8
       7
       6
      11
       5
       3
       3
       4
      10
       6
       7
       7
       3
       3
       5
       5
       3
       5
       3
       6
       8
       4
       4
       5
       6
       5
       5
       7
       4
       2
       2
       9
       6
       3
       7
       3
       5
       6
       2
       4
       8
       5
       5
       9
       3
       3
       2
       4
       7
       7
       1
       3
       2
       5
       5
       3
       2
       7
      10
       2
      10
       4
       3
       5
       6
       2
       8
       8
       6
       4
       4
       9
       6
       7
       5
       8
      10
       4
       1
       5
       5
       5
      12
      11
      15
      18
      26
      44
      48
      84
      76
      83
      91
      60
      71
      39
      39
      23
      21
      24
      18
      17
      20
      18
      17
      13
      13
       7
       5
      10
       4
       5
       8
       4
       5
       4
       4
       2
       7
       9
       5
       7
       7
       3
       9
       5
       8
       9
       7
      10
       7
       5
       8
       7
       7
       1
       4
       2
       7
       2
       8
      10
       7
       6
       7
       5
      10
      15
      17
      22
      28
      27
      49
      74
     101
     103
     106
     113
      97
      82
      62
      40
      31
      21
       7
       5
       4
       7
       5
       6
       6
       5
       5
       4
      12
       8
       8
       6
      11
       3
       5
       3
       8
       4
       7
       8
       6
       6
       2
       5
       7
       8
       7
       3
       6
       8
       5
       6
       8
       9
       1
       5
       5
       8
       3
       8
       5
       6
       6
       7
       2
       5
       5
       7
       1
       3
       6
      10
       5
       8
       7
       6
       9
       8
       4
       3
       6
       9
       5
       9
       7
       3
       7
       6
       7
       2
       5
       5
       7
       3
       5
       3
       3
       7
       1
       6
       2
       5
       6
       7
       9
       5
       5
       2
       6
       5
       6
       3
       6
       6
       4
       2
       3
       6
       3
       9
       2
       6
       6
       6
       9
       7
       2
       4
       6
       5
       7
       6
       8
       9
       4
       5
       8
       6
       5
       4
       8
       7
       4
       4
       7
       4
       5
       5
       9
       4
       3
       5
       1
       7
       2
       6
       9
       8
       7
       3
       8
       4
       6
       7
       1
       5
       5
       5
       1
       5
       7
      10
      10
       5
       6
       9
       7
       1
       3
       5
       2
       9
       4
       3
       3
       7
       7
       6
       8
       5
       4
       9
       3
       4
       3
       7
       3
       5
      11
       3
       3
       4
       8
       0
       3
       5
       3
       0
       4
       7
       1
      11
       2
       6
       6
       2
       3
       3
       3
       4
       5
       6
       3
       7
       2
       3
       2
       2
       4
       7
       5
       4
       4
       4
       4
       5
       1
       1
       7
       4
       7
       4
       4
       4
       0
       7
       5
       3
      12
       5
       9
       2
       7
       2
       4
       6
       4
       4
      15
      14
      16
      12
       6
      13
       8
       5
      11
       6
       1
       8
       2
       3
       0
       6
       5
       4
       0
       4
       5
       3
       1
       3
       5
       3
       3
       5
       0
       2
       5
       2
       8
       5
       2
       1
       3
       5
       3
       3
       1
       2
       6
       2
       4
       1
       5
       2
       2
       4
       8
       5
       5
       3
       5
       6
       4
       4
       2
       3
       6
       1
       4
       2
       1
       2
       3
       2
       2
       2
       1
       4
       3
       2
       3
       3
       2
       1
       0
       3
       5
       2
       4
       0
       4
       3
       3
       3
       4
       3
       3
       2
       2
       4
       2
       4
       5
       6
       1
       2
       3
       3
       2
       2
       4
       1
       5
       3
       3
       2
       1
       0
       6
       1
       1
       7
       3
       3
       3
       5
       1
       2
       3
       2
       3
       3
       1
       4
       2
       2
       3
       1
       1
       2
       2
       1
       2
       4
       1
       1
       0
       3
       0
       3
       2
       1
       6
       3
       1
       0
       0
       3
       3
       1
       4
       2
       0
       3
       3
       2
       3
       3
       2
       1
       0
       1
       2
       2
       4
       1
       1
       2
       3
       0
       1
       3
       2
       2
       0
       4
       0
       0
       1
       2
       2
       1
       1
       1
       5
       1
       1
       3
       1
       2
       0
       1
       1
       1
       5
       5
       2
       1
       1
       3
       4
       2
       2
       2
       2
       3
       3
       7
       2
       8
       8
       5
       7
       8
       6
       9
       7
       5
       3
       6
       2
       0
       0
       0
       1
       1
       2
       0
       1
       1
       0
       1
       1
       2
       1
       0
       0
       1
       0
       2
       1
       0
       4
       2
       0
       3
       1
       0
       2
       2
       1
       0
       1
       0
       1
       1
       2
       1
       2
       3
       1
       0
       1
       1
       1
       1
       0
       0
       0
       1
       1
       0
       0
       0
       2
       1
       2
       1
       2
       0
       1
       0
       2
       1
       1
       1
       1
       0
       1
       1
       0
       0
       1
       1
       2
       3
       0
       1
       1
       2
       1
       1
       0
       0
       1
       0
       3
       0
       1
       1
       1
       0
       0
       1
       1
       2
       0
       0
       1
       0
       0
       4
       2
       1
       0
       0
       0
       1
       0
       0
       1
       0
       2
       1
       1
       1
       0
       2
       2
       0
       0
       0
       1
       0
       0
       0
       0
       0
       0
       2
       1
       2
       1
       1
       5
       0
       1
       1
       0
       0
       2
       1
       2
       3
       1
       0
       0
       0
       1
       2
       0
       0
       0
       1
       2
       0
       0
       3
       0
       2
       0
       0
       0
       1
       0
       0
       1
       2
       1
       2
       1
       2
       0
       3
       0
       1
       1
       2
       0
       0
       1
       1
       1
       0
       0
       1
       2
       0
       2
       1
       2
       2
       0
       0
       0
       1
       1
       0
       1
       0
       1
       2
       0
       0
       1
       0
       1
       1
       0
       1
       1
       1
       2
       0
       1
       0
       0
       0
       1
       0
       1
       0
       0
       1
       0
       2
       0
       0
       0
       1
       0
       0
       1
       0
       0
       1
       2
       1
       0
       1
       1
       1
       1
       1
       2
       1
       0
       2
       5
       2
       4
       7
      10
       7
       8
      14
      27
      47
      58
      61
      86
      89
      91
     119
      97
     106
      87
      73
      43
      30
       9
       2
       4
       0
       1
       1
       0
       0
       1
       0
       2
       1
       1
       1
       0
       0
       0
       1
       0
       1
       0
       1
       0
       0
       1
       0
       0
       1
       0
       0
       0
       1
       1
       0
       1
       1
       1
       0
       0
       0
       0
       0
       0
       1
       0
       0
       0
       0
       1
       1
       0
       0
       0
       0
       0
       0
       0
       1
       0
       0
       0
       0
       0
       0
       0
       1
       0
       1
       0
       0
       0
       1
       0
       0
       2
       0
       0
       1
       2
       0
       0
       0
       0
       1
       0
       0
       0
       1
       0
       2
       0
       1
       2
       1
       1
       0
       0
       0
       1
       0
       0
       1
       0
       1
       1
       0
       0
       2
       2
       1
       2
       0
       0
       1
       0
       5
       3
       7
       6
       4
       4
       1
       8
       3
       6
       5
       1
       6
       3
       1
       3
       0
       0
       1
       0
       0
       1
       0
       0
       2
       0
       0
       1
       0
       1
       1
       0
       0
       0
       1
       1
       0
       0
       1
       0
       0
       0
       0
       0
       1
       2
       0
       2
       0
       0
       0
       1
       1
       0
       0
       0
       0
       0
       0
       0
       0
       1
       0
       1
       0
       1
       0
       0
       0
       0
       0
       0
       1
       0
       0
       0
       0
       0
       0
       0
       0
       1
       1
       1
       0
       0
       1
       0
       0
       0
       0
       0
       0
       0
       0
       0
       0
       1
       0
       0
       0
       1
       0
       1
       2
       0
       0
       0
       1
       1
       2
       0
       0
       0
       0
       1
       0
       0
       1
       0
       1
       0
       0
       0
       0
       0
       0
       0
       0
       0
       0
       1
       1
       0
       0
       1
       0
       0
       0
       1
       0
       1
       1
       0
       2
       0
       1
       0
       1
       0
       0
       0
       0
       0
       0
       1
       0
       0
       0
       0
       0
       0
       1
       1
       0
       0
       0
       1
       0
       0
       0
       3
       2
       3
       3
       6
       1
       0
       1
       1
       1
       2
       0
       1
       2
       2
       0
       0
       2
       1
       0
       2
       0
       0
       1
       1
       0
       0
       0
       0
       1
       0
       1
       0
       0
       0
       0
       0
       0
       0
       0
       0
       0
       0
       1
       0
       0
       1
       0
       1
       0
       0
       2
       0
       0
       2
       0
       1
       0
       0
       1
       0
       0
       0
       0
       0
       0
       0
       0
       0
       0
       0
       1
       0
       0
       1
       0
       0
       1
       0
       0
       0
       1
       0
       0
       0
       0
       0
       0
       0
       0
       0
       0
       0
       0
       0
       0
       0
       0
       1
       0
       0
       0
       0
       0
       0
       0
       1
       0
       0
       0
       0
       0
       0
       2
       0
       0
       1
       3
       0
       0
       0
       0
       0
       0
       1
       1
       0
       0
       0
       0
       0
       0
       0
       1
       0
       1
       1
       1
       1
       0
       0
       0
       0
       0
       0
       0
       1
       0
       0
       0
       0
       0
       0
       0
       1
       0
       1
       1
       0
       0
       1
       0
       0
       0
       1
       0
       0
       1
       0
       0
       1
       0
       0
       0
       0
       1
       0
       0
       1
       0
       1
       0
       0
       0
       0
       0
       0
       0
       0
       0
       0
       1
       0
       0
       0
       0
       0
       0
       0
       0
       0
       0
       0
       0
       1
       0
       0
       0
       0
       1
       0
       0
       0
       2
       0
       0
       0
       0
       0
       0
       1
       0
       1
       0
       0
       3
       0
       0
       0
       0
       0
       1
       0
       1
       0
       0
       0
       0
       1
       0
       0
       0
       1
       0
       0
       0
       0
       0
       0
       0
       0
       0
       2
       0
       0
       0
       0
       0
       0
       0
       0
       1
       1
       1
       0
       0
       1
       2
       0
       0
       0
       0
       2
       0
       1
       1
       0
       1
       0
       0
       0
       0
       0
       0
       0
       0
       1
       0
       0
       0
       1
       0
       0
       1
       0
       0
       0
       1
       0
       0
       0
       0
       0
       2
       0
       0
       0
       1
       0
       0
       2
       0
       0
       0
       0
       0
       0
       0
       0
       0
       1
       0
       0
       0
       1
       0
       0
       1
       0
       0
       1
       0
       1
       0
       0
       0
       0
       0
       0
       1
       0
       0
       0
       0
       0
       0
       0
       0
       0
       0
       1
       0
       0
       1
       0
       0
       0
       0
       1
       0
       0
       0
       0
       0
       0
       0
       0
       0
       0
       0
       0
       0
       0
       0
       0
       0
       0
       0
       1
       1
       0
       0
       1
       0
       0
       0
       0
       0
       0
       1
       1
       0
       0
       0
       0
       0
       0
       0
       0
       0
       1
       0
       0
       1
       1
       1
       0
       0
       1
       0
       1
       0
       0
       1
       0
       0
       0
       0
       0
       0
       0
       0
       1
       2
       1
       0
       0
       0
       0
       0
       1
       0
       1
       0
       0
       0
       0
       0
       0
       0
       0
       1
       0
       1
       0
       1
       1
       0
       1
       1
       0
       0
       0
       0
       1
       0
       0
       0
       0
       1
       0
       0
       0
       0
       0
       1
       0
       0
       0
       0
       0
       0
       0
       0
       0
       0
       0
       0
       0
       0
       0
       0
       0
       2
       0
       1
       0
       1
       0
       0
       1
       0
       1
       1
       0
       1
       0
       0
       1
       0
       0
       0
       0
       0
       0
       0
       0
       0
       0
       1
       1
       1
       0
       0
       0
       1
       0
       0
       1
       0
       0
       0
       0
       0
       0
       0
       1
       0
       0
       0
       0
       0
       2
       0
       0
       0
       0
       0
       0
       0
       0
       0
       0
       0
       0
       0
       0
       0
       0
       0
       0
       0
       0
       3
       0
       0
       0
       0
       0
       0
       0
       0
       0
       0
       0
       0
       0
       0
       0
       0
       0
       0
       0
       0
       0
       0
       0
       0
       0
       0
       0
       1
       0
       0
       0
       0
       0
       1
       0
       1
       3
       0
       3
       0
       2
       2
       0
       0
       1
       2
       1
       0
       1
       0
       1
       0
       0
       0
       0
       0
       0
       0
       0
       0
       0
       0
       0
       0
       0
       0
       0
       0
       1
       0
       0
       0
       0
       0
       0
       0
       0
       0
       0
       0
       0
       0
       0
       0
       1
       0
       0
       0
       0
       1
       0
       1
       0
       0
       0
       0
       0
       0
       0
       0
       0
       0
       0
       0
       0
       0
       0
       0
       0
       0
       0
       1
       0
       0
       0
       0
       1
       0
       0
       0
       0
       0
       1
       0
       0
       0
       0
       0
       0
       0
       0
       0
       0
       0
       0
       0
       0
       0
       0
       0
       0
       0
       0
       0
       0
       0
       0
       0
       0
       0
       1
       0
       0
       0
       0
       0
       0
       0
       0
       0
       0
       0
       0
       0
       0
       0
       0
       0
       0
       0
       0
       0
       0
       0
       0
       0
       0
       0
       0
       0
       0
       0
       0
       0
       0
       0
       0
       0
       0
       0
       2
       1
       1
       0
       0
       1
       0
       0
       0
       0
       0
       0
       0
       0
       0
       0
       0
       0
       0
       0
       1
       0
       0
       1
       0
       1
       0
       0
       0
       1
       0
       0
       0
       2
       0
       1
       0
       0
       0
       1
       0
       0
       0
       1
       0
       1
       0
       0
       0
       0
       0
       1
       0
       0
       0
       0
       0
       0
       1
       0
       0
       0
       0
       0
       0
       0
       0
       1
       0
       1
       0
       1
       0
       1
       1
       0
       0
       0
       0
       0
       0
       0
       0
       0
       0
       0
       0
       0
       0
       1
       0
       0
       1
       0
       0
       0
       0
       0
       0
       1
       1
       0
       0
       0
       0
       0
       0
       0
       1
       0
       0
       1
       0
       0
       1
       0
       0
       0
       0
       0
       0
       0
       0
       0
       0
       0
       0
       0
       0
       0
       0
       0
       0
       0
       1
       0
       0
       2
       0
       0
       1
       0
       0
       0
       0
       0
       1
       0
       0
       0
       0
       1
       0
       0
       0
       0
       0
       1
       0
       0
       0
       0
       0
       0
       0
       0
       0
       0
       0
       0
       0
       0
       0
       0
       0
       0
       0
       0
       0
       0
       0
       0
       1
       0
       0
       0
       1
       0
       0
       1
       1
       0
       1
       0
       0
       0
       0
       0
       1
       0
       2
       1
       0
       0
       0
       0
       0
       0
       0
       0
       0
       0
       0
       0
       1
       0
       0
       0
       0
       0
       0
       0
       0
       0
       0
       0
       0
       0
       1
       1
       0
       0
       0
       0
       0
       0
       0
       0
       0
       0
       1
       0
       0
       1
       0
       0
       0
       1
       0
       0
       2
       0
       0
       0
       0
       1
       0
       0
       1
       0
       0
       0
       1
       0
       0
       1
       0
       0
       1
       0
       0
       0
       0
       1
       1
       0
       0
       0
       1
       0
       1
       0
       0
       1
       0
       0
       0
       0
       0
       0
       0
       0
       0
       0
       0
       0
       0
       0
       0
       0
       0
       0
       0
       0
       1
       1
       0
       0
       0
       0
       0
       0
       0
       0
       0
       0
       0
       0
       0
       0
       0
       0
       0
       2
       1
       0
       0
       0
       0
       0
       0
       0
       0
       0
       0
       0
       0
       0
       0
       0
       1
       0
       0
       0
       0
       1
       0
       0
       0
       0
       0
       1
       0
       0
       0
       0
       0
       1
       0
       0
       0
       0
       0
       0
       0
       0
       0
       0
       0
       0
       1
       0
       0
       0
       0
       0
       0
       2
       0
       0
       0
       0
       0
       1
       0
       1
       0
       1
       0
       0
       0
       0
       0
       0
       0
       0
       0
       0
       0
       0
       0
       0
       0
       0
       0
       0
       0
       0
       0
       0
       0
       0
       0
       0
       2
       0
       0
       0
       0
       0
       1
       0
       0
       0
       0
       0
       0
       0
       0
       0
       0
       0
       0
       0
       1
       0
       1
       0
       0
       0
       1
       0
       0
       0
       0
       0
       0
       0
       0
       0
       0
       0
       0
       0
       0
       0
       0
       0
       0
       0
       0
       0
       0
       0
       0
       0
       0
       0
       1
       0
       0
       0
       1
       0
       0
       0
       1
       0
       0
       0
       0
       0
       0
       0
       0
       0
       0
       0
       0
       1
       0
       0
       0
       0
       0
       0
       0
       0
       0
       0
       0
       0
       0
       0
       0
       0
       0
       0
       0
       0
       0
       0
       0
       0
       0
       0
       0
       0
       0
       0
       0
       0
       0
       0
       0
       0
       0
       0
       0
       0
       1
       1
       0
       0
       0
       0
       0
       1
       0
       0
       0
       1
       0
       0
       1
       0
       0
       0
       0
       1
       0
       0
       0
       0
       0
       0
       0
       0
       0
       0
       0
       0
       0
       0
       1
       0
       0
       0
       0
       0
       0
       0
       0
       0
       0
       0
       0
       0
       0
       0
       0
       0
       0
       0
       0
       0
       0
       0
       0
       0
       0
       0
       1
       0
       0
       0
       0
       0
       0
       0
       0
       0
       1
       0
       0
       0
       0
       0
       0
       0
       0
       0
       0
       0
       0
       0
       0
       1
       1
       0
       0
       0
       1
       0
       0
       0
       0
       0
       0
       0
       0
       0
       0
       1
       1
       0
       0
       0
       0
       0
       0
       1
       0
       0
       0
       0
       0
       0
       0
       0
       0
       0
       0
       0
       0
       0
       0
       0
       0
       0
       0
       0
       0
       1
       1
       0
       0
       0
       0
       1
       0
       0
       1
       0
       0
       0
       0
       0
       0
       1
       0
       0
       0
       1
       0
       0
       1
       0
       2
       0
       0
       0
       0
       0
       0
       2
       0
       0
       0
       0
       0
       0
       0
       0
       0
       0
       0
       0
       0
       0
       0
       0
       0
       1
       1
       0
       0
       0
       0
       0
       0
       0
       0
       0
       1
       0
       0
       0
       1
       0
       0
       1
       0
       0
       1
       1
       0
       0
       0
       0
       0
       0
       0
       0
       0
       0
       0
       0
       1
       0
       0
       0
       0
       0
       0
       0
       0
       0
       0
       0
       0
       0
       0
       1
       0
       0
       0
       0
       0
       0
       0
       0
       0
       0
       0
       0
       0
       0
       0
       0
       0
       0
       0
       1
       0
       0
       0
       0
       0
       0
       0
       0
       0
       0
       0
       0
       0
       0
       2
       0
       0
       0
       0
       0
       0
       0
       0
       0
       1
       0
       1
       0
       0
       0
       1
       0
       0
       2
       0
       1
       1
       1
       0
       0
       0
       0
       0
       1
       0
       0
       1
       0
       0
       0
       0
       0
       0
       0
       0
       0
       0
       0
       0
       0
       0
       0
       0
       1
       0
       0
       0
       1
       0
       0
       0
       0
       0
       0
       0
       0
       0
       0
       0
       0
       0
       1
       0
       0
       0
       0
       0
       0
       0
       0
       0
       1
       0
       0
       0
       0
       0
       0
       0
       1
       0
       0
       0
       0
       0
       0
       0
       0
       0
       0
       0
       0
       0
       0
       0
       0
       0
       0
       0
       0
       0
       0
       0
       0
       0
       0
       0
       0
       0
       0
       1
       0
       0
       1
       0
       0
       0
       0
       1
       0
       1
       0
       0
       0
       0
       0
       0
       0
       0
       0
       0
       0
       2
       0
       0
       0
       1
       1
       1
       1
       1
       1
       0
       0
       1
       0
       0
       0
       0
       0
       0
       0
       1
       1
       0
       0
       0
       0
       0
       1
       0
       0
       0
       0
       0
       0
       0
       0
       0
       0
       0
       0
       0
       0
       0
       0
       0
       0
       0
       0
       0
       0
       0
       0
       0
       0
       0
       0
       0
       1
       1
       0
       0
       0
       1
       0
       0
       0
       0
       0
       0
       0
       0
       0
       0
       0
       0
       0
       0
       0
       0
       0
       0
       0
       0
       0
       0
       0
       0
       0
       0
       0
       0
       0
       0
       1
       0
       0
       0
       0
       0
       0
       0
       0
       0
       0
       0
       0
       0
       0
       0
       0
       0
       0
       0
       0
       0
       0
       0
       0
       0
       0
       0
       0
       0
       0
       0
       0
       0
       0
       0
       0
       0
       0
       0
       0
       0
       1
       1
       0
       0
       0
       0
       0
       0
       0
       0
       0
       0
       0
       0
       0
       0
       0
       1
       1
       0
       0
       0
       0
       0
       0
       0
       0
       1
       0
       0
       0
       0
       0
       0
       0
       0
       0
       0
       0
       0
       0
       0
       0
       0
       0
       0
       0
       0
       0
       0
       0
       1
       0
       1
       0
       0
       0
       1
       0
       0
       0
       0
       0
       0
       0
       1
       0
       0
       0
       0
       0
       0
       0
       0
       0
       0
       0
       1
       0
       0
       0
       0
       0
       1
       0
       0
       0
       1
       0
       0
       0
       0
       0
       0
       0
       0
       0
       0
       0
       0
       0
       0
       0
       0
       1
       0
       0
       1
       0
       0
       0
       0
       0
       0
       0
       0
       0
       1
       0
       0
       0
       0
       0
       0
       0
       0
       0
       0
       1
       0
       0
       0
       0
       0
       0
       0
       0
       0
       0
       1
       0
       0
       0
       0
       0
       0
       0
       0
       0
       0
       0
       0
       0
       0
       0
       0
       0
       0
       0
       0
       0
       0
       0
       0
       0
       0
       0
       0
       0
       0
       0
       0
       0
       0
       0
       0
       0
       0
       0
       0
       0
       0
       0
       0
       0
       0
       0
       0
       0
       0
       0
       1
       0
       0
       0
       0
       0
       0
       1
       1
       0
       0
       0
       0
       0
       0
       0
       0
       0
       0
       0
       0
       0
       0
       0
       0
       0
       0
       0
       0
       0
       0
       0
       0
       0
       0
       0
       0
       0
       0
       0
       0
       1
       0
       0
       0
       0
       1
       0
       0
       0
       1
       0
       0
       0
       0
       0
       1
       0
       0
       0
       0
       1
       0
       0
       0
       0
       0
       0
       0
       1
       0
       0
       1
       0
       0
       0
       0
       0
       0
       0
       0
       2
       0
       0
       0
       0
       0
       0
       0
       0
       0
       0
       0
       0
       0
       0
       0
       0
       0
       0
       0
       1
       0
       0
       0
       0
       0
       0
       0
       0
       0
       0
       0
       0
       0
       0
       0
       0
       0
       0
       0
       0
       0
       0
       0
       1
       0
       0
       1
       0
       0
       0
       0
       0
       0
       0
       0
       0
       0
       1
       0
       0
       0
       0
       0
       0
       0
       0
       0
       0
       0
       0
       0
       1
       0
       0
       0
       0
       0
       0
       0
       0
       0
       1
       0
       0
       0
       3
       0
       0
       0
       0
       0
       0
       0
       0
       0
       1
       0
       0
       0
       0
       0
       0
       0
       0
       0
       0
       0
       0
       0
       0
       0
       0
       0
       0
       0
       0
       0
       0
       0
       0
       0
       0
       0
       0
       0
       0
       0
       0
       0
       0
       0
       0
       0
       0
       0
       0
       0
       0
       0
       0
       0
       0
       1
       0
       0
       0
       0
       0
       0
       0
       0
       0
       0
       0
       0
       1
       0
       0
       0
       0
       0
       0
       0
       0
       0
       0
       0
       0
       0
       0
       0
       0
       0
       0
       0
       0
       0
       0
       0
       1
       0
       1
       0
       0
       0
       0
       0
       0
       0
       0
       0
       0
       0
       1
       0
       0
       0
       0
       0
       0
       1
       0
       0
       0
       0
       0
       0
       0
       0
       0
       0
       0
       0
       0
       0
       0
       0
       0
       0
       0
       0
       0
       0
       0
       0
       1
       0
       0
       0
       0
       1
       0
       0
       1
       0
       0
       0
       0
       0
       0
       0
       0
       0
       0
       0
       0
       0
       0
       0
       0
       0
       0
       0
       1
       0
       0
       0
       0
       0
       0
       0
       1
       0
       0
       0
       0
       0
       0
       0
       0
       0
       0
       0
       0
       0
       0
       0
       0
       0
       0
       0
       0
       0
       0
       1
       0
       0
       0
       0
       0
       0
       0
       0
       0
       0
       0
       0
       0
       0
       0
       0
       0
       0
       0
       0
       0
       0
       0
       0
       0
       0
       0
       0
       0
       0
       0
       0
       0
       0
       0
       0
       0
       0
       1
       0
       0
       0
       0
       0
       1
       0
       0
       0
       0
       0
       0
       1
       0
       1
       0
       0
       0
       0
       0
       0
       0
       0
       0
       0
       0
       0
       0
       0
       0
       1
       0
       0
       0
       0
       0
       0
       0
       0
       0
       0
       0
       0
       0
       0
       0
       0
       0
       0
       0
       0
       0
       0
       0
       0
       0
       0
       0
       0
       0
       1
       0
       0
       0
       0
       0
       0
       0
       0
       0
       0
       0
       0
       0
       0
       1
       0
       0
       0
       1
       0
       0
       0
       0
       0
       0
       0
       0
       0
       0
       0
       0
       1
       0
       0
       0
       0
       0
       0
       0
       0
       0
       0
       0
       0
       0
       0
       0
       0
       0
       0
       0
       0
       0
       1
       0
       0
       0
       0
       0
       0
       0
       0
       0
       0
       0
       0
       0
       0
       0
       0
       0
       0
       0
       0
       0
       0
       0
       1
       0
       0
       0
       0
       0
       0
       0
       0
       0
       0
       0
       0
       0
       0
       0
       0
       0
       0
       0
       0
       0
       0
       0
       0
       0
       0
       0
       0
       0
       0
       0
       0
       0
       0
       0
       0
       0
       0
       0
       0
       0
       0
       0
       0
       1
       0
       0
       0
       0
       0
       0
       0
       0
       0
       0
       0
       0
       0
       0
       0
       0
       0
       0
       0
       0
       0
       0
       0
       0
       0
       0
       0
       0
       0
       0
       0
       0
       0
       0
       0
       0
       1
       0
       0
       0
       0
       0
       0
       0
       0
       0
       0
       0
       0
       0
       0
       0
       0
       0
       0
       0
       0
       0
       0
       0
       0
       0
       0
       0
       0
       0
       0
       0
       0
       0
       0
       0
       0
       0
       0
       0
       0
       0
       0
       1
       0
       0
       0
       0
       0
       0
       0
       0
       0
       0
       0
       0
       0
       0
       0
       0
       0
       0
       1
       0
       0
       0
       1
       0
       0
       0
       1
       0
       2
       0
       1
       1
       1
       0
       0
       1
       0
       0
       0
       0
       0
       0
       0
       0
       0
       0
       0
       0
       0
       0
       1
       0
       0
       1
       0
       0
       0
       0
       0
       0
       0
       0
       0
       0
       0
       1
       0
       0
       0
       0
       0
       0
       0
       1
       0
       0
       0
       0
       0
       0
       0
       0
       0
       0
       0
       0
       0
       0
       0
       0
       0
       0
       0
       0
       0
       0
       0
       0
       0
       0
       0
       0
       0
       0
       0
       0
       0
       1
       0
       0
       0
       0
       0
       0
       0
       0
       0
       0
       0
       0
       0
       0
       1
       0
       1
       0
       0
       0
       0
       0
       0
       0
       0
       0
       0
       0
       0
       0
       1
       0
       0
       0
       0
       0
       0
       0
       0
       0
       0
       0
       0
       0
       0
       0
       0
       0
       0
       0
       0
       0
       0
       0
       0
       0
       0
       0
       0
       1
       0
       0
       0
       0
       0
       0
       0
       0
       0
       0
       0
       0
       0
       0
       0
       0
       0
       0
       0
       0
       0
       0
       0
       0
       0
       0
       1
       0
       0
       0
       0
       0
       0
       0
       0
       0
       1
       0
       0
       0
       0
       0
       0
       0
       0
       0
       0
       0
       0
       0
       0
       0
       0
       0
       0
       0
       0
       0
       0
       0
       0
       0
       0
       0
       0
       0
       0
       0
       0
       0
       0
       0
       1
       0
       0
       0
       0
       0
       0
       0
       0
       0
       0
       0
       0
       0
       0
       0
       0
       0
       0
       0
       0
       0
       0
       0
       0
       0
       0
       0
       0
       0
       0
       0
       0
       0
       0
       0
       0
       0
       0
       0
       0
       0
       0
       0
       1
       1
       0
       0
       0
       0
       0
       0
       0
       0
       0
       0
       0
       0
       0
       0
       0
       0
       0
       0
       0
       0
       0
       0
       0
       0
       0
       0
       0
       0
       0
       0
       0
       0
       0
       1
       0
       0
       0
       0
       0
       0
       0
       0
       0
       1
       0
       0
       0
       0
       0
       0
       0
       0
       0
       0
       0
       0
       0
       0
       0
       0
       0
       0
       0
       0
       0
       0
       0
       0
       0
       0
       0
       0
       0
       0
       0
       0
       0
       0
       0
       0
       0
       0
       0
       0
       0
       0
       0
       0
       0
       0
       0
       0
       0
       0
       0
       0
       0
       0
       0
       0
       0
       0
       0
       0
       0
       0
       0
       0
       0
       0
       0
       0
       0
       0
       0
       0
       0
       0
       0
       0
       0
       0
       0
       0
       0
       0
       0
       0
       0
       0
       0
       0
       0
       0
       0
       0
       0
       0
       0
       0
       0
       0
       0
       0
       0
       0
       0
       0
       0
       0
       0
       0
       0
       0
       0
       0
       0
       0
       0
       0
       0
       0
       0
       0
       0
       0
       0
       0
       0
       0
       0
       1
       0
       0
       0
       0
       0
       0
       0
       0
       0
       0
       0
       0
       0
       0
       0
       0
       0
       0
       0
       1
       0
       0
       0
       0
       0
       0
       0
       0
       0
       0
       0
       0
       0
       0
       0
       0
       0
       0
       0
       0
       0
       0
       0
       0
       0
       0
       0
       0
       0
       0
       0
       0
       0
       0
       0
       0
       0
       0
       0
       0
       0
       0
       0
       0
       0
       0
       0
       1
       0
       0
       0
       0
       0
       0
       0
       0
       0
       0
       0
       1
       0
       0
       0
       0
       0
       0
       0
       0
       0
       0
       0
       0
       0
       0
       0
       0
       0
       0
       0
       0
       0
       0
       0
       0
       0
       1
       0
       0
       0
       0
       0
       0
       0
       0
       0
       0
       0
       0
       0
       0
       0
       0
       0
       0
       0
       0
       0
       1
       0
       0
       0
       0
       0
       0
       0
       0
       0
       0
       0
       0
       0
       1
       0
       0
       0
       0
       0
       0
       0
       0
       0
       0
       0
       0
       0
       0
       0
       0
       0
       0
       0
       0
       0
       0
       0
       0
       0
       0
       0
       0
       0
       0
       0
       0
       0
       0
       0
       0
       0
       0
       0
       0
       0
       0
       0
       0
       0
       0
       0
       0
       0
       0
       0
       0
       0
       0
       0
       0
       0
       0
       0
       0
       0
       0
       0
       0
       0
       0
       0
       0
       0
       0
       0
       0
       0
       0
       0
       0
       0
       0
       0
       0
       0
       0
       0
       0
       0
       0
       0
       0
       0
       0
       0
       0
       0
       0
       0
       0
       0
       0
       0
       0
       0
       0
       0
       0
       0
       0
       0
       0
       0
       0
       0
       0
       0
       0
       0
       0
       0
       0
       0
       0
       0
       0
       0
       0
       0
       0
       0
       0
       1
       0
       0
       0
       0
       0
       0
       0
       0
       0
       0
       0
       0
       0
       0
       0
       0
       0
       0
       0
       0
       0
       0
       0
       0
       0
       0
       0
       0
       0
       0
       0
       0
       0
       0
       0
       0
       0
       0
       0
       1
       0
       0
       0
       0
       0
       0
       0
       0
       0
       0
       0
       0
       0
       0
       0
       0
       0
       0
       0
       0
       1
       0
       0
       1
       0
       0
       0
       0
       0
       0
       0
       0
       0
       0
       0
       0
       0
       0
       0
       0
       1
       0
       0
       0
       0
       0
       0
       0
       0
       0
       0
       0
       0
       0
       0
       0
       0
       0
       0
       0
       0
       0
       0
       0
       0
       0
       0
       0
       0
       1
       0
       0
       0
       0
       0
       0
       0
       0
       0
       0
       0
       0
       0
       0
       0
       0
       0
       0
       0
       0
       0
       1
       0
       1
       0
       0
       0
       0
       0
       0
       0
       0
       0
       0
       0
       0
       0
       0
       0
       0
       0
       0
       0
       0
       0
       0
       0
       0
       0
       0
       0
       0
       0
       0
       0
       0
       0
       0
       0
       0
       0
       0
       0
       0
       0
       0
       0
       0
       0
       0
       0
       0
       0
       0
       0
       0
       0
       0
       0
       0
       0
       0
       0
       0
       0
       0
       0
       0
       0
       0
       0
       0
       1
       0
       0
       0
       0
       0
       0
       0
       0
       0
       0
       0
       0
       0
       0
       0
       0
       0
       0
       0
       0
       0
       0
       0
       0
       0
       0
       0
       0
       0
       0
       0
       0
       0
       0
       0
       0
       0
       0
       0
       1
       0
       0
       0
       0
       0
       0
       0
       0
       0
       0
       0
       0
       1
       0
       0
       0
       0
       0
       0
       0
       0
       0
       0
       0
       0
       0
       0
       0
       1
       0
       0
       0
       0
       0
       0
       0
       0
       0
       1
       0
       0
       0
       0
       0
       0
       0
       0
       0
       0
       0
       0
       0
       0
       0
       0
       0
       1
       0
       0
       1
       0
       0
       0
       0
       0
       0
       0
       0
       0
       0
       0
       0
       0
       0
       1
       0
       0
       0
       0
       0
       0
       0
       1
       0
       0
       0
       0
       0
       0
       0
       0
       0
       0
       0
       0
       0
       0
       0
       0
       0
       0
       0
       0
       0
       0
       0
       0
       0
       0
       0
       0
       0
       0
       0
       0
       0
       0
       0
       0
       0
       0
       0
       0
       0
       0
       0
       0
       0
       1
       0
       0
       0
       0
       0
       0
       0
       0
       0
       0
       0
       0
       0
       0
       0
       0
       0
       0
       0
       0
       0
       0
       0
       0
       0
       0
       0
       0
       0
       0
       0
       0
       0
       0
       0
       0
       0
       0
       0
       0
       0
       0
       0
       0
       0
       0
       0
       0
       0
       0
       1
       0
       0
       0
       0
       0
       0
       0
       0
       0
       0
       0
       0
       0
       0
       0
       0
       0
       0
       0
       0
       0
       0
       0
       0
       0
       0
       0
       0
       0
       0
       0
       0
       0
       1
       0
       0
       0
       0
       0
       0
       0
       0
       0
       0
       0
       0
       0
       0
       0
       0
       0
       0
       0
       0
       0
       0
       0
       0
       0
       0
       0
       0
       0
       0
       0
       0
       0
       0
       0
       0
       0
       0
       0
       0
       0
       0
       0
       0
       0
       0
       0
       0
       0
       0
       0
       0
       0
       0
       0
       0
       0
       0
       0
       0
       0
       0
       0
       0
       0
       0
       0
       0
       0
       0
       0
       0
       0
       0
       0
       0
       0
       0
       1
       0
       0
       0
       0
       0
       0
       0
       0
       0
       0
       0
       0
       0
       0
       0
       0
       0
       0
       0
       0
       0
       0
       0
       0
       0
       0
       0
       0
       0
       0
       0
       0
       0
       0
       0
       0
       0
       0
       0
       0
       0
       0
       0
       0
       0
       0
       0
       0
       0
       0
       0
       0
       0
       0
       0
       0
       0
       0
       0
       0
       0
       0
       0
       0
       0
       0
       0
       0
       0
       0
       0
       0
       0
       0
       0
       0
       1
       0
       0
       0
       0
       0
       0
       0
       0
       0
       0
       0
       0
       0
       0
       0
       0
       0
       0
       0
       0
       0
       0
       0
       0
       0
       0
       0
       0
       0
       0
       0
       0
       0
       0
       0
       0
       0
       0
       0
       0
       0
       0
       0
       0
       0
       0
       0
       0
       0
       0
       0
       0
       0
       0
       0
       0
       0
       0
       0
       0
       0
       0
       0
       0
       0
       0
       0
       0
       0
       0
       0
       0
       0
       0
       0
       0
       0
       0
       0
       0
       0
       0
       0
       0
       0
       1
       0
       0
       0
       0
       0
       0
       0
       0
       0
       0
       0
       0
       0
       0
       0
       0
       0
       0
       0
       0
       0
       0
       0
       0
       0
       0
       0
       0
       0
       0
       0
       0
       0
       0
       0
       0
       0
       0
       0
       0
       0
       0
       0
       0
       0
       0
       1
       0
       0
       0
       0
       0
       0
       0
       0
       0
       0
       0
       0
       0
       0
       0
       0
       0
       0
       0
       0
       0
       0
       0
       0
       0
       0
       0
       0
       0
       0
       0
       0
       0
       0
       0
       0
       0
       0
       0
       0
       0
       0
       0
       0
       0
       0
       0
       0
       0
       0
       0
       0
       0
       0
       0
       0
       0
       0
       0
       0
       0
       0
       0
       1
       2
       1
       0
       1
       0
       0
       1
       0
       0
       0
       1
       1
       1
       1
       0
       0
       2
       1
       2
       0
       0
       0
       0
       1
       3
       2
       0
       1
       0
       2
       1
       1
       0
       1
       0
       0
       2
       2
       0
       1
       1
       0
       1
       3
       2
       0
       0
       0
       1
       0
       2
       0
       0
       1
       1
       2
       0
       1
       0
       0
       0
       0
       1
       0
       0
       0
       0
       0
       0
       1
       0
       3
       0
       2
       0
       0
       2
       1
       0
       0
       0
       2
       0
       0
       1
       0
       1
       1
       1
       1
       0
       0
       0
       0
       1
       2
       0
       2
       0
       1
       2
       1
       1
       0
       0
       0
       0
       1
       1
       0
       0
       1
       1
       0
       1
       0
       1
       0
       1
       0
       1
       0
       0
       0
       1
       0
       2
       0
       0
       0
       1
       2
       3
       0
       0
       0
       0
       0
       1
       0
       1
       0
       1
       0
       0
       0
       0
       0
       2
       1
       1
       1
       0
       0
       0
       0
       2
       0
       0
       0
       0
       1
       0
       2
       0
       1
       0
       0
       0
       1
       0
       0
       1
       2
       0
       0
       1
       0
       0
       0
       0
       1
       0
$ROI:
0
$PRESETS:
None
0
0
$ENER_FIT:
0.000000 0.374432
$MCA_CAL:
3
0.000000E+000 3.744323E-001 0.000000E+000 keV
$SHAPE_CAL:
3
6.617742E+000 0.000000E+000 0.000000E+000
