      57
      56
      71
      64
      55
      61
      73
      70
      50
      51
      51
      64
      52
      72
      61
      55
      61
      53
      60
      63
      53
      63
      63
      56
      58
      74
      63
      50
      71
      64
      50
      69
      59
      94
      63
      73
      71
      61
      73
      67
      64
      63
      70
      66
      63
      79
      75
      63
      67
      74
      81
      58
      80
      64
      56
      68
      75
      56
      65
      73
      61
      76
      68
      70
      66
      80
      69
      69
      74
      75
      67
      61
      60
      64
      74
      76
      59
      58
      66
      75
      66