       57
      56
      71
      64
      55
      61
      73
      70
      50
      51
      51
      64
      52
      72
      61
      55
      61
      53
      60
      63
      53
      63
      63
      56
      58
      74
      63
      50
      71
      64
      50
      69
      59
      94
      63
      73
      71
      61
      73
      67
      64
      63
      70
      66
      63
      79
      75
      63
      67
      74
      81
      58
      80
      64
      56
      68
      75
      56
      65
      73
      61
      76
      68
      70
      66
      80
      69
      69
      74
      75
      67
      61
      60
      64
      74
      76
      59
      58
      66
      75
      66
      53
      73
      64
      62
      69
      51
      69
      64
      74
      60
      49
      52
      47
      55
      50
      53
      40
      43
      40
      38
      44
      56
      34
      36
      29
      32
      38
      44
      33
      53
      39
      37
      29
      33
      27
      36
      34
      36
      31
      29
      49
      29
      34
      25
      42
      36
      31
      25
      32
      42
      30
      33
      42
      20
      28
      36
      24
      28
      34
      31
      31
      29
      37
      30
      30
      29
      28
      24
      28
      29
      30
      20
      33
      26
      29
      36
      34
      25
      28
      27
      31
      23
      23
      22
      31
      28
      27
      21
      28
      32
      30
      30
      35
      27
      36
      33
      26
      24
      26
      26
      24
      23
      18
      19
      17
      25
      27
      23
       9
      28
      21
      30
      24
      23
      19
      30
      19
      27
      26
      26