       0
       0
       0
       0
       0
       0
       0
       0
       0
       0
       0
       0
       0
       0
       0
       0
       0
       0
       0
       0
       0
       0
       0
       0
       0
       0
       0
       0
       0
       0
       0
       0
       0
       0
       0
       0
       0
       0
       0
       0
       0
       0
       0
       0
       0
       0
       0
       0
       0
       1
       1
      16
      26
      58
      68
      82
      93
      85
      91
      93
      86
      83
      92
      82
      88
      80
      81
      76
      80
      73
      77
      90
      75
      72
      78
      90
      94
      57
      65
      75
      75
      61
      73
      69
      74
      73
      79
      78
      73
      60
      63
      75
      75
      73
      65
      75
      62
      55
      60
      78
      61
      54
      60
      72
      61
      54
      70
      87
      75
      68
      61
      65
      64
      67
      53
      56
      67
      72
      56
      70
      54
      64
      66
      57
      51
      49
      66
      78
      52
      54
      59
      66
      57
      60
      49
      69
      68
     125
     126
      97
      84
      66
      60
      68
      61
      52
      61
      67
      56
      56
      63
      57
      66
      53
      47
      63
      68
      74
      89
      85
      99
      93
      80
      96
      68
      92
      66
      72
      74
      60
      75
      59
      83
      67
      57
      86
      76
      65
      78
      66
      57
      72
      75
      76
      83
      84
      78
      93
      80
      91
      76
      94
     111
      96
      87
     101
     102
     103
     123
     102
     106
     113
     202
     397
     430
     973
    2590
    3183
    1610
     384
      82
      62
      40
      41
      51
      59
      60
      48
      47
      43
      44
      49
      41
      41
      46
      42
      54
      59
      49
      50
      42
      56
      47
      57
      60
      38
      45
      61
      50
      41
      46
      42
      54
      42
      49
      50
      50
      66
      48
      47
      43
      48
      56
      46
      48
      46
      43
      57
      47
      51
      64
      51
      65
      38
      45
      44
      57
      52
      55
      54
      44
      48
      64
      43
      57
      52
      43
      51
      43
      52
      47
      60
      51
      45
      61
      59
      40
      55
      46
      48
      54
      50
      54
      65
      37
      66
      64
      58
      60
      57
      55
      50
      67
      66
      59
      53
      52
      65
      60
      59
      46
      70
      48
      60
      59
      41
      59
      60
      61
      70
      60
      50
      65
      57
      49
      59
      51
      52
      61
      63
      67
      73
      62
      65
      72
      71
      75
      63
      59
      66
     100
      70
      73
      76
      81
      73
      63
      81
      64
      68
      85
      87
      91
      89
      71
      94
      89
      78
      76
      77
      83
     105
      97
     104
      81
      80
      97
      86
      73
      66
      88
      78
      70
      87
      97
      97
     126
      78
      86
      97
      80
     105
     107
     105
     109
     108
      97
      82
     121
     103
      90
     122
      92
     107
     100
      95
      88
      99
      93
      93
      97
      90
      97
     118
     149
     137
     110
      86
      70
      66
      61
      67
      85
      74
      64
      70
      58
      75
      81
      59
      73
      69
      48
      61
      58
      52
      69
      64
      72
      53
      69
      59
      56
      73
      57
      54
      60
      55
      46
      57
      51
      56
      58
      60
      56
      61
      47
      61
      53
      49
      57
      66
      47
      61
      64
      49
      44
      54
      54
      58
      36
      49
      52
      63
      47
      57
      51
      56
      68
      54
      48
      48
      54
      48
      65
      47
      50
      52
      40
      42
      47
      43
      44
      49
      45
      60
      54
      50
      45
      54
      47
      42
      48
      51
      48
      60
      45
      59
      47
      62
      53
      47
      67
      51
      47
      36
      69
      52
      43
      56
      53
      56
      48
      53
      56
      63
      44
      47
      48
      47
      46
      41
      49
      39
      32
      38
      45
      37
      31
      45
      29
      35
      33
      37
      35
      39
      27
      35
      21
      30
      27
      37
      24
      30
      35
      38
      35
      33
      28
      30
      43
      33
      38
      30
      27
      26
      27
      35
      40
      35
      62
      45
      44
      31
      44
      29
      37
      26
      40
      39
      33
      22
      25
      26
      33
      35
      25
      25
      27
      38
       9
      36
      21
      27
      20
      17
      21
      26
      20
      21
      35
      21
      18
      15
      19
      26
      33
      25
      20
      35
      23
      18
      30
      19
      30
      30
      21
      27
      17
      19
      14
      10
      13
      17
      15
      18
      25
      18
      26
      31
      24
      19
      24
      20
      19
      19
      26
      23
      24
      21
      14
      12
      26
      22
      12
      17
      19
      18
      17
      17
      14
      28
      14
      13
      17
      20
      18
      19
      14
      12
      17
      12
      14
      10
      16
      19
      16
      15
      17
      28
      19
      12
      14
      17
      17
      16
      19
      20
      15
      24
       6
      27
      18
      17
      11
      19
      22
      17
      18
      14
      16
      19
      17
      14
      15
      12
      16
      15
      25
      62
     204
     349
     393
     258
     104
      26
      15
      12
      17
      12
      16
      13
      14
       9
      17
      11
       8
      15
      15
      10
      16
      13
      19
      12
      15
       7
      14
      15
      15
      20
      11
      18
      16
       9
      17
      14
      11
      17
       9
      11
      12
      13
       7
      12
       9
      20
      18
      13
      10
      13
      16
      20
      19
      16
      11
      11
      12
      15
      16
      22
      20
      14
      14
      16
      61
     238
     549
     854
     772
     461
     134
      38
      17
      11
      10
      13
      15
       6
      11
       8
      13
      12
       7
      11
      12
      11
      13
      15
      10
       8
      11
      12
      13
      12
      15
       7
       5
      11
      13
       5
      10
      13
      10
      10
       8
      18
      12
      11
      15
      13
      10
      10
      13
      20
       7
      12
      11
      11
       5
      12
       9
       9
      11
       5
      13
      12
      11
      11
      11
       7
       5
       7
       6
      12
       3
      11
       5
      11
       6
       8
       9
      11
      16
       8
      10
      12
       9
       7
       8
      12
       6
      10
      16
      13
       6
       6
       9
       8
      11
       9
      10
       8
       4
       5
       7
       7
       6
       7
       7
      15
      10
       3
      15
      14
       7
       6
      14
      10
       7
      11
      11
      11
      10
       5
       7
       9
       8
       4
       9
       8
      17
       9
       9
      22
      22
      81
     252
     739
    1585
    2201
    1983
    1077
     385
      95
      15
       4
       3
       1
       2
       3
       4
       0
       4
       4
       2
       3
       1
       5
       5
       3
       1
       2
       3
       6
       0
       4
       4
       2
       3
       5
       3
       4
       1
       2
       4
       2
       6
       4
       1
       2
       2
       4
       2
       5
       2
       3
       4
       1
       4
       3
       2
       3
       2
       2
       9
       1
       1
       9
       2
       3
       4
       4
       4
       7
      13
      46
     111
     226
     265
     251
     174
      73
      12
       3
       3
       0
       2
       1
       0
       1
       2
       2
       2
       0
       4
       6
       3
       3
       2
       1
       2
       2
       4
       2
       5
       2
       5
       4
       2
       5
       5
       2
       4
       1
       7
       4
       3
       4
       2
       3
