       0
       0
       0
       0
       0
       0
       0
       0
       0
       0
       0
       0
       0
       0
       0
       0
       0
       0
       0
       0
       0
       0
       0
       0
       0
       0
       0
       0
       0
       0
       0
       0
       0
       0
       0
       0
       0
       0
       0
       0
       0
       0
       0
       0
       0
       0
       0
       0
       0
       0
      16
      66
     185
     282
     362
     419
     480
     452
     442
     433
     433
     450
     457
     429
     389
     395
     420
     391
     402
     380
     337
     448
     394
     355
     365
     437
     346
     363
     352
     356
     350
     367
     341
     336
     369
     350
     357
     354
     375
     369
     346
     313
     327
     328
     359
     354
     365
     343
     339
     347
     290
     366
     315
     335
     353
     333
     358
     300
     315
     313
     356
     322
     295
     309
     335
     343
     339
     312
     363
     341
     303
     343
     308
     298
     306
     321
     302
     342
     298
     273
     291
     287
     310
     315
     305
     326
     276
     364
     329
     288
     299
     299
     310
     329
     313
     313
     317
     306
     319
     317
     338
     321
     327
     309
     329
     311
     318
     323
     332
     302
     346
     353
     417
     481
     352
     342
     349
     337
     351
     344
     359
     336
     372
     336
     397
     372
     394
     380
     390
     399
     424
     402
     432
     426
     424
     462
     504
     481
     483
     492
     718
     935
     879
     613
     482
     601
    1024
    1280
     907
     562
     460
     404
     486
     469
     464
     357
     469
     535
     418
     392
     458
     419
     417
     543
     555
     507
     451
     425
     431
     466
     526
     638
     796
     680
     540
     455
     420
     510
     573
     551
     471
     444
     398
     452
     659
     936
     937
     678
     455
     401
     520
     527
     426
     387
     368
     373
     348
     386
     412
     468
     498
     450
     390
     368
     365
     359
     393
     340
     355
     380
     384
     366
     362
     377
     346
     355
     381
     370
     340
     377
     370
     350
     363
     351
     377
     428
     381
     420
     398
     400
     437
     400
     418
     403
     383
     454
     425
     396
     394
     409
     359
     395
     363
     404
     365
     306
     340
     377
     381
     357
     363
     338
     356
     393
     358
     381
     393
     381
     351
     358
     393
     385
     391
     377
     402
     374
     383
     375
     393
     359
     386
     367
     381
     356
     381
     355
     381
     348
     356
     384
     413
     387
     360
     393
     390
     373
     408
     355
     356
     365
     410
     388
     362
     359
     406
     394
     342
     417
     401
     388
     367
     393
     412
     384
     393
     378
     365
     401
     383
     370
     416
     431
     522
     533
     478
     374
     383
     390
     350
     369
     360
     417
     427
     359
     382
     374
     321
     392
     369
     380
     409
     406
     369
     404
     386
     383
     389
     399
     440
     455
     439
     374
     382
     396
     372
     375
     358
     371
     361
     397
     370
     353
     332
     405
     364
     348
     348
     345
     365
     368
     380
     403
     367
     368
     339
     364
     355
     363
     356
     328
     369
     380
     340
     331
     357
     344
     376
     334
     334
     330
     343
     340
     316
     355
     352
     344
     332
     323
     328
     342
     343
     343
     364
     327
     329
     347
     358
     326
     339
     303
     338
     331
     349
     336
     343
     325
     345
     357
     342
     350
     373
     334
     391
     335
     398
     556
     953
    1319
    1308
     790
     486
     356
     340
     303
     306
     325
     341
     303
     303
     301
     279
     310
     325
     286
     299
     303
     298
     352
     322
     328
     315
     319
     294
     278
     294
     311
     278
     281
     279
     310
     294
     243
     270
     314
     273
     274
     271
     301
     258
     292
     283
     283
     285
     301
     309
     317
     298
     327
     241
     265
     277
     259
     257
     248
     260
     248
     215
     264
     251
     261
     253
     244
     254
     256
     247
     273
     250
     260
     231
     255
     287
     260
     243
     256
     215
     239
     247
     247
     227
     245
     238
     252
     237
     220
     244
     244
     251
     233
     219
     245
     219
     243
     230
     245
     229
     254
     231
     251
     238
     259
     221
     211
     221
     231
     250
     233
     228
     201
     195
     189
     236
     213
     220
     216
     231
     224
     202
     255
     236
     266
     271
     285
     286
     244
     219
     207
     211
     243
     217
     237
     213
     234
     246
     234
     413
     887
    1334
    1175
     605
     368
     187
     202
     183
     207
     190
     192
     193
     216
     203
     189
     208
     197
     207
     198
     194
     194
     197
     204
     179
     210
     168
     207
     186
     175
     164
     172
     188
     184
     178
     197
     224
     204
     211
     209
     187
     180
     218
     248
     257
     264
     239
     176
     179
     180
     190
     207
     165
     161
     180
     158
     155
     176
     176
     192
     158
     182
     163
     188
     207
     178
     173
     171
     180
     222
     255
     249
     226
     212
     240
     222
     202
     163
     176
     182
     181
     202
     168
     197
     208
     218
     202
     162
     167
     167
     180
     163
     174
     160
     173
     163
     156
     162
     158
     179
     175
     183
     166
     180
     194
     145
     172
     154
     164
     159
     166
     164
     163
     169
     169
     192
     154
     150
     167
     165
     157
     151
     139
     162
     155
     172
     175
     164
     160
     157
     190
     316
     693
    1477
    2272
    2173
    1219
     462
     205
     142
     153
     136
     140
     139
     157
     148
     188
     174
     146
     135
     144
     124
     164
     136
     129
     151
     133
     156
     126
     132
     128
     108
     137
     119
     139
     130
     136
     116
     126
     146
     149
     137
     133
     130
     138
     125
     139
     133
     129
     129
     120
     137
     148
     124
     142
     139
     121
     136
     157
     135
     141
     114
     132
     143
     127
     128
     122
     108
     120
     120
     130
     118
     141
     138
     145
     139
     145
     169
     113
     141
     110
     133
     138
     117
     113
     127
     121
     112
     135
     139
     131
     148
     140
     137
     124
     130
     125
     130
     141
     152
     132
     123
     117
     122
     105
     123
     128
     127
     112
     105
     141
     131
     147
     124
     139
     134
     129
     107
     145
     140
     119
     137
     130
     123
     144
     135
     110
     134
     108
     101
     120
     135
     131
     108
     130
     139
     124
     119
     121
     154
     181
     279
     607
    1541
    2830
    3357
    2830
    1491
     513
     197
     122
      92
      93
      99
      94
     102
      93
     104
     103
      98
      82
     104
     103
      85
      96
      98
      88
      85
      94
      91
     101
      95
      85
     108
      87
      90
      86
      81
     102
      85
      76
      91
      88
      79
      94
      83
      83
     102
      94
     100
     116
      87
      96
      81
      96
     101
     116
      92
      98
      86
      94
      84
      77
      86
      94
      98
      83
      85
     102
     121
      79
      94
     108
      81
      99
      78
      89
      89
     101
      91
      94
      89
      78
      83
     119
      97
     101
      91
      99
      97
     110
     108
     107
     106
     118
      90
      96
     129
     103
      98
      94
     105
      73
      93
      92
      82
      98
      94
     109
      99
      98
      90
      97
      96
      82
     100
      80
      88
      87
      87
      90
      87
     100
      86
     101
      97
      83
      94
     130
     110
     130
     105
      88
      85
      95
      89
     126
     108
     124
      94
     117
      96
      67
     105
     101
      84
      91
     100
     120
     103
      96
      96
      77
      99
      95
      82
      91
      96
     102
      75
      79
     105
      87
      91
      93
      97
     108
     109
     104
      92
      72
      84
      92
      96
      87
     104
      96
      90
      80
      99
      84
     106
      94
      78
      89
      79
     103
      83
     114
     106
     104
     109
      77
      97
      91
      88
      78
      88
      68
      98
      64
      78
      69
      88
      64
      76
      67
      71
      64
      76
      73
      72
      67
      83
      71
      62
      65
      74
      69
      57
      60
      60
      76
      68
      79
      70
      74
      69
      63
      60
      75
      73
      63
      71
      76
      57
      61
      65
      58
      57
      72
      61
      67
      68
      58
      82
      74
      63
      55
      63
      61
      62
      64
      74
      61
      86
      63
      66
      75
      69
      78
      78
      70
      68
      62
      55
      67
      63
      54
      58
      72
      72
      62
      61
      70
      65
      74
      62
      79
      54
      67
      64
      72
      57
      56
      57
      51
      69
      55
      63
      68
      55
      58
      64
      49
      62
      68
      67
      78
      62
      61
      68
      59
      64
      58
      57
      60
      63
      61
      55
      67
      64
      38
      59
      65
      50
      58
      51
      47
      58
      54
      62
      61
      71
      79
      82
      50
      56
      58
      57
      51
      63
      53
      66
      33
      44
      52
      56
      50
      75
      61
      76
      64
      62
      65
      72
      57
      56
      56
      55
      54
      52
      51
      50
      46
      55
      47
      53
      45
      52
      46
      50
      55
      45
      58
      42
      52
      54
      64
      48
      43
      43
      45
      52
      48
      53
      54
      60
      60
      44
      44
      57
      52
      46
      63
      48
      43
      57
      44
      57
      47
      57
      45
      63
      63
      65
      79
      63
      59
      75
      49
      60
      65
      68
      59
      46
      45
      50
      28
      49
      53
      53
      41
      50
      42
      54
      49
      41
      52
      45
      44
      44
      47
      47
      39
      31
      43
      41
      39
      41
      56
      46
      51
      55
      44
      39
      38
      60
      54
      38
      48
      46
      61
      53
      36
      50
      51
      42
      46
      50
      37
      51
      44
      49
      46
      47
      56
      54
      35
      54
      45
      42
      44
      65
      46
      41
      27
      37
      45
      46
      43
      37
      38
      27
      41
      50
      44
      40
      59
      53
      54
      54
      52
      53
      43
      49
      34
      35
      50
      54
      52
      45
      43
      49
      48
      38
      45
      47
      46
      49
      52
      45
      48
      53
      44
      50
      39
      31
      48
      44
      48
      43
      53
      57
      30
      35
      50
      49
      47
      48
      39
      41
      36
      30
      40
      45
      37
      33
      46
      47
      47
      31
      57
      38
      49
      46
      48
      38
      54
      42
      39
      37
      39
      48
      45
      41
      47
      41
      43
      43
      35
      41
      34
      46
      36
      34
      45
      62
      37
      44
      42
      36
      49
      43
      43
      43
      37
      54
      45
      50
      55
      61
      62
      59
      48
      52
      38
      45
      48
      43
      51
      51
      38
      45
      37
      32
      37
      39
      37
      35
      41
      32
      41
      43
      41
      39
      43
      56
      42
      43
      42
      43
      51
      35
      39
      48
      27
      40
      39
      30
      30
      46
      33
      51
      46
      30
      42
      41
      46
      29
      44
      36
      36
      36
      53
      52
      50
      41
      31
      50
      47
      48
      41
      46
      42
      67
      76
      96
     144
     266
     561
    1001
    1596
    1776
    1839
    1394
     848
     421
     133
      54
      34
      30
      27
      33
      31
      32
      37
      38
      33
      50
      31
      38
      29
      39
      33
      36
      22
      37
      36
      26
      23
      29
      25
      37
      26
      39
      22
      23
      33
      31
      27
      44
      28
      26
      18
      35
      30
      27
      31
      23
      29
      32
      26
      25
      24
      31
      25
      32
      23
      38
      27
      37
      24
      25
      30
      29
      23
      31
      40
      31
      28
      34
      27
      24
      32
      20
      27
      23
      29
      38
      35
      27
      39
      42
      30
      36
      32
      24
      29
      31
      26
      25
      36
      30
      26
      31
      24
      39
      23
      24
      23
      27
      37
      27
      35
      42
      27
      36
      24
      27
      29
      33
      25
      29
      33
      23
      19
      28
      29
      27
      26
      35
      27
      24
      32
      29
      26
      31
      23
      39
      36
      26
      33
      26
      33
      33
      26
      34
      44
      43
      39
      67
      76
      69
      75
      53
      52
      29
      22
      28
      17
      16
      25
      31
      24
      29
      24
      23
      29
      24
      29
      22
      21
      39
      33
      29
      23
      27
      29
      22
      31
      34
      21
      33
      22
      35
      25
      26
      28
      38
      28
      21
      28
      20
      31
      25
      29
      32
      31
      22
      29
      33
      22
      27
      36
      33
      34
      27
      19
      33
      41
      26
      28
      21
      29
      30
      29
      23
      24
      22
      35
      28
      27
      31
      26
      22
      37
      16
      27
      29
      22
      24
      30
      27
      22
      25
      27
      17
      22
      28
      38
      29
      19
      36
      30
      27
      43
      39
      37
      41
      31
      33
      31
      30
      35
      47
      35
      26
      20
      27
      31
      26
      21
      26
      37
      38
      33
      31
      30
      34
      24
      38
      31
      25
      29
      32
      33
      26
      19
      25
      20
      43
      21
      31
      30
      20
      33
      34
      49
      34
      39
      36
      30
      23
      25
      33
      19
      26
      29
      29
      19
      31
      31
      25
      27
      31
      31
      35
      21
      22
      32
      17
      25
      25
      40
      31
      26
      32
      23
      26
      28
      38
      23
      25
      27
      27
      25
      25
      31
      25
      35
      35
      20
      21
      31
      25
      23
      18
      28
      32
      31
      37
      39
      39
      40
      43
      39
      24
      20
      28
      25
      24
      24
      21
      24
      28
      34
      22
      25
      27
      32
      27
      30
      27
      27
      29
      18
      23
      27
      34
      20
      36
      27
      35
      29
      29
      15
      34
      22
      26
      17
      31
      23
      26
      28
      25
      19
      31
      29
      26
      26
      27
      14
      26
      25
      26
      27
      31
      37
      27
      29
      43
      40
      59
      78
     101
     145
     144
     182
     150
     123
     101
      60
      37
      34
      15
      31
      26
      35
      25
      27
      28
      24
      24
      26
      21
      22
      30
      37
      27
      23
      20
      24
      28
      20
      19
      23
      32
      31
      24
      23
      24
      29
      24
      22
      35
      41
      24
      28
      39
      37
      56
      47
      60
      34
      38
      37
      21
      27
      35
      19
      30
      31
      27
      26
      20
      27
      22
      31
      25
      22
      22
      28
      29
      19
      30
      22
      22
      22
      33
      25
      33
      28
      22
      22
      18
      21
      20
      20
      15
      20
      29
      27
      24
      33
      20
      23
      23
      34
      36
      44
      56
      54
      62
      49
      37
      32
      19
      34
      29
      23
      21
      20
      26
      28
      33
      26
      22
      32
      24
      29
      26
      30
      22
      18
      27
      14
      19
      25
      22
      17
      15
      29
      31
      26
      17
      24
      20
      31
      27
      27
      27
      33
      22
      35
      29
      17
      21
      16
      34
      28
      29
      29
      28
      28
      30
      31
      27
      22
      22
      30
      30
      29
      30
      35
      38
      29
      22
      32
      33
      17
      25
      23
      22
      27
      29
      18
      26
      29
      16
      30
      33
      42
      49
      28
      32
      36
      34
      35
      29
      24
      24
      22
      30
      19
      23
      25
      26
      28
      16
      28
      30
      30
      26
      34
      15
      35
      25
      30
      26
      24
      27
      24
      20
      22
      26
      29
      21
      25
      19
      34
      22
      25
      36
      27
      25
      24
      32
      23
      27
      31
      26
      29
      29
      20
      28
      30
      26
      27
      17
      21
      27
      18
      18
      26
      24
      24
      25
      26
      26
      21
      18
      24
      28
      33
      22
      26
      25
      26
      35
      27
      36
      17
      29
      26
      25
      34
      28
      37
      28
      39
      32
      27
      31
      28
      23
      30
      22
      26
      31
      30
      25
      26
      32
      22
      25
      36
      21
      33
      23
      26
      26
      32
      19
      31
      28
      25
      30
      28
      25
      22
      20
      21
      41
      23
      25
      24
      23
      27
      20
      30
      27
      27
      27
      22
      24
      28
      28
      31
      31
      30
      30
      20
      26
      17
      26
      24
      21
      24
      35
      26
      24
      18
      27
      27
      31
      23
      21
      25
      31
      24
      21
      27
      31
      21
      30
      30
      39
      25
      25
      16
      24
      22
      30
      37
      33
      31
      25
      36
      25
      27
      34
      22
      29
      16
      27
      14
      24
      24
      26
      22
      25
      30
      30
      23
      27
      28
      27
      26
      22
      21
      34
      23
      26
      10
      26
      33
      15
      17
      14
      23
      32
      28
      31
      27
      22
      24
      30
      23
      21
      15
      25
      19
      31
      26
      29
      28
      23
      26
      18
      37
      23
      27
      32
      33
      37
      52
      68
      87
      93
      85
      67
      67
      49
      30
      38
      16
      17
      20
      23
      22
      17
      21
      20
      25
      22
      27
      15
      16
      30
      22
      23
      19
      27
      22
      21
      23
      20
      19
      24
      21
      21
      13
      23
      26
      23
      22
      23
      19
      34
      19
      17
      15
      19
      22
      14
      17
      17
      18
      18
      20
      21
      24
      26
      21
      21
      22
      28
      17
      22
      15
      19
      26
      18
      26
      14
      24
      18
      19
      21
      27
      28
      30
      20
      30
      22
      25
      21
      16
      22
      26
      30
      14
      26
      23
      27
      28
      13
      20
      29
      21
      17
      17
      14
      24
      14
      17
      19
      13
      17
      17
      14
      19
      19
      21
      20
      19
      27
      17
      32
      19
      23
      22
      14
      22
      21
      17
      16
      26
      16
      20
      17
      15
      19
      19
      19
      23
      15
      22
      21
      16
      25
      13
      18
      18
      20
      30
      25
      16
      23
      14
      13
      27
      20
      20
      16
      22
      15
      29
      17
      14
      19
      22
      17
      19
      16
      18
      13
      21
      22
      20
      23
      23
      37
      34
      47
      37
      32
      24
      31
      31
      21
      21
      22
      16
      23
      23
      15
      10
      11
      22
      22
      27
      23
      15
      18
      14
      23
      21
      12
      19
      15
      11
      22
      18
      17
      16
      19
      21
      14
      19
      22
      20
      20
      16
      20
      16
      25
      23
      17
      15
      21
      25
      15
      16
      15
      21
      21
      22
      11
      15
      19
      22
      12
      19
      25
      11
      19
      21
      15
      20
      24
      15
      18
      21
      15
      26
      20
      19
       9
      19
      25
      13
      16
      14
      20
      16
      15
      22
      13
      10
      10
      18
      15
      14
       9
      15
      13
      18
      17
      16
      18
      16
      11
      22
      14
      15
      18
      18
      20
      18
      11
      15
      15
      21
      16
      19
      14
      24
      16
      13
      14
      17
      15
      16
      21
      11
      15
      21
      22
      20
      22
      23
      25
      27
      20
      21
      18
      11
      16
      21
      16
      25
      16
       8
       8
      12
      19
      16
      14
      23
      16
      17
      22
      24
      19
      22
      18
      12
      12
      11
      18
      15
      18
      16
      23
      23
      21
      21
      17
      22
      16
      12
      16
      15
      25
      17
      23
      20
      23
      17
      13
      14
      13
      16
      16
      13
      26
      11
      19
      21
      14
      23
      10
      15
      15
      16
      19
      22
      16
      18
      12
      20
      12
      16
      14
      11
      19
      10
      12
      11
      13
      15
      20
      20
      16
      13
      12
      12
      18
      16
      17
      20
      11
      18
      10
      19
      23
      19
      10
      22
      17
      14
      11
      19
      10
      19
      15
      13
      12
      17
      19
      19
      19
      17
      20
      17
       9
      14
      19
      18
      17
      20
      17
       9
       9
      17
      19
      14
      19
      21
      14
      22
      20
      20
      16
      10
      19
      12
      18
      16
      15
       8
      18
      14
      11
      11
       8
      20
       7
      16
      18
      13
      16
      12
      15
      15
      13
      21
      22
      24
      20
      38
      38
      37
      54
      84
     106
     162
     175
     242
     236
     249
     231
     226
     147
     112
      55
      29
      26
      19
      14
      14
      16
      16
      11
      18
      15
      15
      16
      15
      17
      21
      21
      13
      18
      17
      18
      18
      19
      10
      17
      19
      33
      21
      17
       9
      23
      17
      11
      24
      12
      21
      18
      19
      11
       9
      11
      17
      17
      17
      18
      14
      11
      16
      15
      14
      13
      20
      12
      13
      14
      18
      15
      16
      11
       9
      14
       8
      15
      14
      18
      24
      16
      20
      15
      15
      11
      19
      18
      16
      21
      24
      24
      33
      24
      35
      28
      34
      33
      41
      29
      26
      16
      17
      20
      14
      14
      13
      14
      16
      14
      15
      11
      19
      18
      13
      11
       9
       9
      18
      11
      16
      11
      12
      17
      10
      16
       9
      15
      14
      15
      11
      14
      13
       9
      11
       9
       9
      11
      18
      15
      14
      12
      13
      13
      15
      12
      14
      11
      12
      16
      19
      14
      12
      13
      16
      10
      15
      13
      15
      21
      25
      13
      19
      12
      19
      13
      21
      14
       9
      12
      15
       9
      15
       9
      12
      19
       6
      13
      13
      13
      15
      11
       6
       9
      12
      17
      12
      12
      12
      14
      12
       7
      15
      16
      12
      17
      15
      16
      16
       7
      18
       9
      10
      10
      13
       9
      14
      11
       6
      16
      17
      20
       9
       9
      15
       8
      11
      19
      21
      14
      11
      11
       9
      12
      14
      13
      18
      13
      18
      26
      18
      18
      13
      11
       7
      14
       7
      12
      11
      14
      10
       8
      13
      15
      13
      14
       6
      18
      14
      14
      14
      18
      12
      10
      20
      14
      10
       8
      13
       5
      14
      12
      15
      12
      15
      10
      11
      13
      11
      12
       8
      14
      17
      13
      14
      11
      15
      10
      12
       9
       8
      11
      15
      10
       9
      14
      14
      14
      10
       9
      10
      15
      14
      22
      17
      28
      28
      44
      59
      68
      85
      84
      91
      78
      74
      63
      57
      36
      21
      21
      11
      10
      19
      12
       7
       9
      14
      16
       8
      10
      15
      14
      13
      10
      12
      14
      11
      14
      12
      18
       9
      13
      11
      15
      20
      13
      16
      15
      18
      13
      19
      14
      19
      18
      15
      19
      16
      14
      17
      13
      11
      14
      16
      12
      13
      10
      14
       5
       9
       6
      11
      16
       9
      16
      14
       7
       8
       8
      12
      10
      10
      12
      10
      10
       9
       9
      13
      10
      16
       6
      20
      13
       6
      10
      14
      15
      10
      15
      12
      11
      12
      14
       8
      11
      12
      12
       9
      13
      13
       8
      12
      18
      12
      20
      22
      21
      33
      26
      22
      33
      30
      25
      24
      16
      14
      17
      12
      15
       7
       8
       5
      13
       6
       8
       9
       6
      12
      14
      10
      14
      12
      10
      10
       9
       8
       8
      12
      10
      19
       6
      16
       7
       7
      16
       5
      12
       7
      13
      14
      11
       9
      11
      14
      12
       9
      12
      12
      17
       9
       8
      10
      12
      13
      10
       9
      12
      10
      11
      10
       9
       9
      11
      10
      12
       9
      10
       7
       9
       6
      15
       8
      14
      14
       9
      14
      13
       9
      13
      15
      13
       7
       8
       5
       7
      17
      12
      13
       9
       9
      10
      12
       9
      15
      11
       9
       9
      11
       9
      10
      12
       4
      12
       7
      12
      12
      18
       8
      10
       6
       9
      10
      11
       9
       8
      10
      14
      16
      15
      14
      11
      11
       6
      11
      10
      15
      11
       8
      11
      11
      10
      12
       6
      16
      16
       9
      10
      18
      10
      14
      12
       9
      11
       8
      11
      17
       9
       9
       9
       8
       9
       9
      11
       7
       7
      11
      15
      15
      11
       9
      10
       9
       9
      15
      11
      10
       9
      10
       8
       9
       8
       5
      14
       7
       9
      12
      19
       7
      10
      13
      19
       7
      10
       5
       8
       5
      14
      16
       9
       9
      14
      10
      12
       7
      16
       9
       9
       7
      15
      12
       7
       8
       5
       9
       6
      13
      13
       7
      12
      11
      12
      13
       7
      13
      12
      12
      13
       5
       9
       8
      10
       9
      13
      11
       9
      11
       9
       9
      17
      15
      13
      21
      21
      22
      34
      42
      39
      45
      43
      54
      53
      64
      52
      44
      34
      27
      17
      10
      11
      11
       7
       7
      11
      11
      13
      20
      13
      16
      22
      16
      18
      22
      16
       7
      21
       7
      17
      13
      12
      12
       5
      16
      12
      16
       8
      19
       7
      11
      10
      14
       7
       6
       5
       9
      16
      11
       9
       7
      12
       9
      15
      13
      23
      13
      23
      28
      24
      24
      22
      19
      24
      23
      22
      17
       6
      20
      19
      14
      20
      22
      32
      28
      36
      19
      38
      29
      30
      38
      30
      24
       6
      14
      11
      14
      17
       9
       7
      12
       9
      11
       9
      16
      10
       9
       5
       9
      12
      14
      16
       9
      11
       4
       9
      10
       6
      11
      11
      13
      12
      15
      13
       4
       6
      10
      11
       9
       7
       8
      11
       8
       8
      14
      10
      12
      16
      11
       9
      10
      10
       8
       8
       8
      11
      13
       8
      11
       8
       9
      18
      13
      10
      13
      12
      16
      10
      15
      11
       9
       5
      10
      10
      12
       6
      16
       9
      13
      12
      13
       5
      11
       7
      16
      11
       2
       8
      12
      10
       9
      13
      10
      15
      10
      13
       6
      12
      12
       9
       7
       9
      13
      12
       7
      13
      18
       5
      10
       9
       4
       8
      13
       7
       9
      14
      13
      21
      10
      18
      11
       6
      11
      11
      17
      14
      12
      18
      15
      15
      22
      14
       9
      12
      10
      11
      14
      15
      11
       7
      11
      14
       9
       9
      13
      10
      14
      12
      11
      17
       9
      11
      14
      10
      17
       9
      11
       4
      18
      10
      15
      15
      12
      19
      15
      12
      11
      10
      13
      11
      13
      11
      16
       8
      15
       4
       7
      13
       6
      11
       7
      14
      11
      10
       4
      10
      18
      12
       6
       8
       9
       5
      10
      21
       6
      10
      12
      11
       8
      15
      17
      11
       6
      10
      13
       8
      12
       8
       8
       9
      15
      12
      10
       7
       8
       9
      15
       7
      11
      14
      17
      10
       6
      14
      14
      11
      17
       6
      14
      12
      15
      15
      13
       3
      10
      11
      10
       8
       8
      14
      19
      20
      27
      20
      22
      24
      22
      30
      38
      27
      34
      39
      32
      22
      30
      19
      18
       9
      15
      12
       5
       6
       8
      12
      19
      10
       8
      12
       9
       9
      15
      12
       6
       8
      12
       7
      11
       8
      12
       7
      10
       9
       8
      12
      11
      15
       7
       7
      12
       6
      13
      14
       8
      12
      10
       9
      14
      11
      11
      15
      11
      11
       8
      13
      13
      10
       8
      10
      15
       9
       8
       9
       6
      12
      21
      29
      12
      15
       9
      17
      17
      11
      15
      15
       6
      12
       8
      13
      18
      12
      12
      17
      14
      10
      12
      14
       9
      12
       7
      10
      10
       6
       5
      10
      11
      10
       9
       6
       9
      10
      11
       9
      13
      10
       3
       7
       6
       9
       5
       7
       7
       5
       6
       5
       5
       7
       8
      10
       7
      10
       9
      13
      12
       4
      10
       7
      11
       7
       4
       1
       9
       4
       5
       5
       9
       4
       6
       7
       9
      11
       6
      14
       5
       7
       5
       4
       5
      12
       9
       5
       7
       7
      11
       8
       8
       5
      10
       6
       6
       5
       7
       6
       3
       9
      13
       8
       7
       8
       8
      11
       7
      10
       7
       7
      15
       9
      11
      10
      15
      12
       8
       8
      19
      14
      16
       9
       8
      10
       9
      10
      10
       4
       5
       4
       8
       5
       7
       9
       7
      12
      10
      10
       8
      15
       6
      11
       9
       7
      13
       9
       4
      13
      11
       8
      11
      10
      10
      10
      11
       7
      14
      11
      12
       7
       9
       6
       3
       4
       7
       7
      10
      13
       3
       4
       2
       8
       7
      10
      11
       9
       3
       7
       6
      16
       7
       5
       6
       8
      12
       6
       5
       4
       7
       7
       5
      10
       0
       3
       5
       6
       3
       6
       9
       6
       7
       3
       2
       4
       6
      10
       7
       3
       5
       7
       7
      10
       9
       3
       6
       6
       7
       6
       3
       6
       3
       2
       6
       2
       6
       5
       4
       5
       9
       2
       5
       7
       3
       4
       9
       4
       4
       9
       7
       2
       2
       6
       5
       2
       3
       8
       2
       5
       7
       4
       3
       7
       3
       4
       3
       5
       2
       2
       7
       6
       5
       3
       2
       7
       2
       3
       5
       6
       7
       7
       3
       5
       7
       6
       3
       7
       5
       5
       3
       3
       3
       3
       4
       4
       4
       3
       9
       5
       3
       4
       8
       5
       4
       3
       0
       7
       6
       4
       4
       1
       7
       9
       4
       2
       9
       3
       6
       8
       6
      10
       8
      14
      12
      16
      14
       9
      12
       4
       8
       6
       3
       2
       5
       6
       1
       1
       5
       0
       2
       5
       0
       4
       4
       1
       5
       2
       2
       5
       4
       3
       3
       4
       2
       4
       0
       2
       2
       4
       2
       6
       3
       5
       4
       4
       2
       3
       2
       6
       5
       4
       5
       2
       4
       2
       0
       4
       4
       4
       4
       3
       1
       2
       6
       3
       5
       3
       5
       5
       8
       2
       4
       6
       6
       3
       4
       4
       5
       3
       5
       6
       6
       5
       4
       5
       8
       3
       8
       3
       6
       3
       4
       2
       3
       4
       1
       1
       3
       2
       2
       2
       2
       1
       6
       3
       6
       2
       6
       4
      10
       1
       2
       4
       4
       1
       3
       3
       3
       1
       5
       2
       3
       4
       2
       6
       2
       4
       4
       6
       6
       3
       5
       3
       2
       6
       1
       1
       2
       1
       5
       3
       3
       1
       3
       3
       7
       3
       2
       5
       4
       1
       2
       4
       3
       4
       6
       5
       2
       3
       1
       2
       6
       2
       6
       6
      16
      14
      16
      12
      20
      27
      29
      17
      26
      22
      19
      19
      22
      20
       7
       7
       6
       1
       2
       1
       6
       2
       2
       1
       1
       1
       3
       5
       2
       2
       2
       2
       2
       3
       2
       3
       1
       3
       2
       3
       2
       3
       7
       2
       2
       5
       4
       1
       3
       5
       1
       0
       3
       2
       3
       2
       4
       3
       3
       2
       5
       5
       3
       2
       3
       4
       3
       2
       0
       2
       6
       4
       3
       3
       5
       5
       9
       5
      12
       7
       7
       8
      14
      13
      16
      22
      28
      46
      42
      73
      76
     104
     107
     112
     110
     113
     111
     104
     107
      90
      63
      64
      32
      12
      12
       5
       5
       0
       3
       5
       2
       4
       4
       1
       5
       4
       4
       3
       1
       4
       1
       2
       1
       4
       3
       0
       1
       2
       1
       1
       0
       5
       4
       6
       6
       0
       3
       2
       3
       2
       3
       3
       0
       7
       3
       1
       3
       1
       1
       3
       4
       1
       3
       2
       1
       2
       2
       1
       1
       1
       1
       0
       3
       3
       2
       6
       2
       0
       3
       1
       1
       1
       1
       2
       2
       2
       2
       2
       1
       2
       1
       2
       1
       3
       1
       1
       2
       2
       3
       3
       1
       4
       2
       2
       1
       6
       3
       4
       3
       0
       6
       1
       2
       1
       0
       3
       3
       6
       4
       5
       0
       2
       0
       1
       4
       3
       2
       2
       2
       4
       5
       4
       1
       3
       2
       0
       2
       0
       2
       4
       1
       4
       2
       2
       2
       0
       3
       6
       1
       5
       3
       5
       2
       0
       1
       2
       2
       3
       0
       4
       0
       4
       2
       4
       3
       1
       5
       0
       3
       3
       7
       9
       1
       4
       5
       2
       2
       2
       1
       2
       6
       3
       6
       3
       7
       5
       5
       4
       3
       4
       3
       5
       6
       1
       3
       5
       4
       3
       2
       3
       3
       1
       4
       3
       8
       9
      15
      17
      11
      14
      19
      18
      24
      20
      13
      11
       9
       8
       3
       3
       4
       2
       2
       5
       2
       5
       7
       2
       4
       3
       1
       2
       2
       2
       3
       2
       3
       1
       3
       3
       2
       5
       4
       2
       2
       3
       0
       1
       1
       3
       1
       2
       2
       3
       3
       1
       0
       1
       5
       3
       5
       1
       1
       2
       1
       2
       2
       2
       2
       5
       3
       9
       3
       1
       2
       1
       3
       1
       4
       5
       4
       0
       5
       1
       0
       7
       3
       0
       2
       5
       3
       1
       2
       2
       6
       3
       2
       0
       3
       3
       1
       4
       1
       2
       3
       2
       3
       0
       2
       2
       2
       4
       3
       1
       3
       3
       5
       5
       3
       2
       4
       4
       0
       2
       2
       1
       4
       7
       3
       3
       1
       2
       2
       4
       3
       4
       2
       1
       2
       2
       3
       5
       3
       1
       1
       5
       3
       0
       0
       2
       4
       3
       1
       6
       2
       1
       2
       3
       3
       4
       0
       1
       1
       3
       1
       7
       6
       0
       4
       2
       2
       3
       1
       2
       2
       2
       2
       1
       2
       3
       2
       3
       1
       1
       2
       2
       2
       1
       3
       3
       2
       3
       2
       2
       1
       3
       3
       1
       2
       6
       1
       7
       3
       2
       4
       4
       5
       4
       3
       3
       3
       3
       4
       1
       5
       2
       1
       5
       1
       5
       4
       3
       3
       3
       2
       5
       1
       1
       5
       4
       2
       3
       6
       4
       3
       6
       5
       2
       5
       3
       2
       3
       3
       4
       0
       0
       5
       5
       3
       1
       1
       1
       6
       4
       2
       2
       5
       2
       1
       3
       1
       2
       3
       3
       4
       3
       3
       1
       3
       2
       2
       2
       0
       3
       3
       2
       5
       0
       5
       4
       3
       3
       0
       2
       2
       4
       2
       4
       1
       2
       0
       5
       2
       2
       2
       4
       2
       4
       2
       2
       4
       1
       2
       5
       2
       2
       2
       2
       1
       2
       3
       4
       2
       1
       2
       4
       4
       0
       3
       2
       2
       1
       2
       2
       0
       2
       2
       1
       3
       2
       1
       0
       3
       1
       1
       2
       1
       1
       3
       2
       0
       3
       1
       2
       2
       0
       1
       2
       3
       4
       2
       2
       1
       1
       2
       2
       2
       2
       2
       0
       0
       1
       4
       4
       4
       2
       2
       4
       2
       3
       1
       0
       4
       1
       3
       2
       2
       0
       2
       4
       5
       0
       1
       2
       0
       1
       1
       2
       2
       1
       2
       1
       3
       0
       6
       0
       1
       2
       0
       3
       0
       1
       0
       3
       1
       0
       0
       1
       1
       0
       3
       4
       1
       3
       0
       1
       1
       1
       1
       0
       0
       0
       2
       0
       1
       3
       2
       0
       3
       1
       0
       1
       2
       1
       1
       3
       1
       1
       0
       2
       2
       2
       2
       1
       4
       3
       3
       1
       2
       3
       1
       2
       4
       2
       0
       1
       4
       0
       2
       2
       2
       2
       2
       2
       0
       2
       1
       2
       2
       2
       2
       2
       0
       4
       2
       3
       0
       2
       4
       2
       2
       0
       0
       0
       0
       3
       1
       1
       0
       1
       2
       0
       1
       0
       1
       4
       0
       0
       2
       0
       3
       0
       1
       2
       1
       1
       1
       1
       0
       2
       2
       2
       1
       1
       1
       1
       1
       1
       3
       1
       0
       3
       2
       0
       0
       1
       3
       0
       2
       2
       0
       2
       2
       5
       0
       1
       0
       1
       0
       2
       2
       1
       0
       0
       0
       1
       0
       2
       0
       0
       1
       0
       0
       2
       2
       0
       0
       0
       1
       2
       3
       3
       1
       0
       1
       0
       2
       3
       2
       2
       1
       2
       1
       1
       1
       1
       2
       0
       0
       1
       0
       1
       2
       1
       1
       2
       1
       1
       2
       1
       2
       2
       0
       1
       1
       3
       2
       3
       2
       1
       0
       0
       2
       1
       1
       2
       0
       1
       4
       1
       0
       1
       0
       0
       1
       3
       1
       2
       2
       2
       3
       2
       0
       1
       1
       1
       0
       1
       2
       2
       0
       1
       1
       1
       2
       0
       3
       0
       1
       3
       1
       1
       1
       2
       2
       2
       0
       0
       1
       1
       0
       2
       1
       0
       1
       1
       1
       2
       1
       1
       1
       1
       1
       1
       1
       1
       3
       2
       1
       1
       1
       2
       0
       3
       4
       2
       6
       4
      11
       8
      11
       4
       8
       5
       7
       5
       8
       9
       6
       7
       2
       2
       1
       3
       2
       1
       0
       0
       0
       0
       0
       0
       1
       1
       2
       2
       0
       1
       1
       2
       1
       0
       3
       1
       0
       0
       2
       1
       1
       1
       0
       0
       1
       1
       1
       0
       0
       0
       0
       3
       0
       1
       0
       1
       1
       2
       1
       1
       0
       0
       0
       0
       1
       0
       0
       0
       0
       1
       1
       1
       1
       1
       1
       0
       1
       1
       0
       1
       1
       1
       0
       2
       0
       2
       2
       0
       1
       0
       0
       0
       0
       0
       0
       1
       0
       0
       0
       0
       0
       3
       0
       2
       1
       1
       1
       0
       0
       1
       0
       0
       0
       0
       2
       0
       2
       2
       0
       1
       2
       2
       2
       1
       1
       2
       0
       0
       1
       0
       5
       0
       0
       1
       0
       0
       0
       1
       0
       0
       0
       0
       2
       1
       2
       2
       1
       2
       0
       0
       1
       0
       0
       0
       2
       1
       3
       0
       1
       0
       1
       0
       1
       2
       0
       1
       1
       0
       3
       0
       1
       0
       0
       0
       0
       2
       0
       1
       0
       1
       1
       0
       0
       0
       1
       1
       1
       1
       1
       2
       0
       0
       0
       0
       3
       2
       2
       0
       0
       1
       1
       2
       2
       2
       2
       4
       8
       2
       9
       9
      12
      20
      26
      21
      19
      21
      20
      34
      25
      15
      29
      22
      18
      20
      16
       9
       5
       7
       7
       1
       2
       1
       0
       2
       1
       2
       0
       1
       1
       0
       0
       0
       0
       1
       0
       1
       0
       0
       1
       0
       1
       0
       0
       0
       0
       1
       0
       0
       1
       0
       0
       0
       0
       0
       1
       1
       1
       2
       0
       1
       1
       0
       0
       0
       0
       1
       0
       0
       1
       0
       0
       0
       1
       1
       0
       0
       0
       0
       0
       1
       0
       0
       1
       0
       0
       1
       0
       0
       2
       0
       0
       0
       0
       1
       2
       1
       0
       0
       0
       1
       0
       0
       2
       1
       0
       1
       0
       1
       0
       0
       0
       1
       0
       0
       0
       1
       1
       0
       2
       0
       0
       0
       0
       0
       0
       1
       1
       1
       2
       0
       0
       1
       0
       1
       1
       1
       1
       1
       1
       0
       2
       0
       0
       0
       0
       0
       0
       1
       1
       0
       0
       0
       1
       1
       0
       0
       0
       0
       0
       0
       1
       0
       0
       1
       1
       3
       0
       2
       1
       0
       1
       0
       0
       0
       1
       0
       1
       0
       0
       0
       1
       0
       1
       1
       1
       0
       1
       1
       0
       0
       0
       0
       1
       0
       0
       0
       1
       0
       0
       0
       0
       0
       0
       0
       0
       0
       0
       2
       0
       0
       0
       1
       1
       0
       1
       0
       0
       0
       1
       1
       1
       0
       0
       5
       0
       3
       2
       1
       0
       1
       1
       1
       4
       1
       1
       0
       0
       2
       1
       1
       1
       0
       1
       0
       0
       0
       2
       0
       1
       1
       0
       0
       0
       0
       0
       0
       0
       0
       0
       0
       0
       0
       1
       0
       0
       0
       0
       1
       1
       0
       1
       0
       0
       0
       0
       1
       0
       0
       0
       0
       1
       1
       0
       0
       0
       0
       0
       0
       1
       0
       0
       0
       1
       0
       0
       0
       0
       0
       0
       0
       0
       0
       0
       0
       0
       0
       0
       0
       0
       0
       0
       0
       0
       0
       0
       0
       0
       1
       1
       0
       1
       0
       0
       0
       0
       0
       0
       1
       0
       0
       0
       2
       0
       0
       1
       0
       0
       0
       0
       0
       0
       0
       1
       0
       0
       0
       0
       1
       0
       0
       1
       0
       0
       0
       2
       1
       0
       2
       1
       0
       1
       0
       0
       0
       0
       0
       0
       0
       0
       0
       0
       0
       1
       0
       2
       1
       0
       0
       0
       0
       0
       0
       0
       0
       0
       0
       0
       0
       0
       0
       1
       0
       0
       2
       0
       0
       0
       0
       0
       0
       0
       0
       0
       1
       0
       0
       0
       0
       0
       1
       0
       0
       0
       1
       0
       0
       0
       0
       1
       1
       0
       1
       0
       0
       0
       2
       0
       0
       0
       0
       0
       0
       0
       0
       0
       0
       0
       0
       0
       0
       0
       0
       0
       0
       0
       0
       0
       2
       0
       0
       0
       0
       0
       0
       1
       0
       0
       0
       0
       0
       0
       2
       0
       0
       0
       0
       1
       0
       0
       0
       0
       1
       0
       1
       0
       0
       0
       0
       0
       0
       0
       1
       0
       0
       1
       0
       0
       0
       0
       0
       0
       1
       0
       0
       0
       1
       1
       0
       0
       0
       0
       0
       1
       0
       0
       1
       0
       1
       0
       0
       1
       0
       1
       0
       0
       0
       0
       0
       0
       0
       0
       0
       1
       0
       0
       1
       0
       0
       0
       0
       0
       0
       0
       0
       0
       0
       0
       0
       0
       0
       1
       0
       0
       1
       1
       0
       0
       0
       0
       0
       0
       0
       1
       0
       0
       0
       0
       1
       0
       0
       0
       0
       0
       0
       0
       0
       0
       0
       0
       0
       0
       0
       0
       0
       1
       0
       0
       0
       0
       0
       0
       0
       0
       0
       0
       0
       1
       0
       0
       0
       1
       0
       1
       0
       2
       0
       0
       1
       0
       1
       1
       2
       3
       1
       5
       2
       7
       6
       6
       6
       5
       5
       3
       7
       5
       9
       5
       8
       6
       5
       3
       4
       2
       0
       2
       0
       0
       1
       0
       0
       0
       0
       0
       0
       0
       0
       0
       0
       1
       0
       0
       0
       0
       0
       0
       0
       0
       0
       0
       0
       0
       0
       0
       0
       0
       0
       0
       1
       1
       0
       0
       1
       0
       0
       0
       0
       0
       0
       0
       0
       0
       0
       0
       0
       0
       0
       1
       1
       0
       0
       0
       0
       0
       0
       1
       0
       0
       0
       0
       1
       0
       0
       0
       0
       0
       1
       0
       0
       0
       1
       1
       0
       0
       0
       0
       0
       0
       0
       0
       0
       0
       0
       0
       0
       0
       1
       0
       0
       0
       0
       0
       0
       0
       0
       0
       0
       0
       0
       0
       0
       0
       0
       0
       0
       0
       0
       0
       0
       0
       0
       0
       0
       0
       0
       0
       0
       0
       0
       0
       0
       1
       0
       0
       0
       1
       0
       0
       0
       0
       0
       0
       0
       0
       1
       0
       0
       0
       0
       0
       0
       0
       0
       0
       0
       0
       0
       0
       0
       0
       0
       0
       0
       0
       1
       0
       0
       0
       1
       0
       0
       0
       0
       0
       0
       0
       0
       0
       0
       0
       0
       0
       0
       0
       0
       0
       0
       0
       0
       0
       0
       0
       0
       0
       0
       0
       0
       0
       1
       0
       0
       0
       0
       0
       0
       0
       0
       0
       0
       0
       0
       0
       1
       0
       0
       0
       0
       1
       0
       0
       0
       1
       0
       0
       0
       1
       0
       1
       0
       0
       0
       0
       0
       0
       0
       0
       0
       0
       0
       0
       1
       0
       0
       0
       0
       0
       0
       0
       0
       0
       0
       0
       0
       1
       0
       0
       0
       0
       0
       0
       0
       0
       0
       0
       0
       0
       0
       0
       0
       1
       0
       0
       0
       0
       0
       0
       0
       0
       0
       0
       0
       0
       0
       1
       0
       0
       0
       0
       1
       0
       0
       0
       0
       0
       0
       0
       0
       0
       0
       0
       0
       0
       0
       0
       0
       0
       0
       0
       1
       0
       0
       0
       0
       0
       0
       0
       0
       0
       0
       0
       0
       0
       0
       0
       1
       0
       0
       0
       0
       0
       0
       0
       0
       0
       0
       0
       0
       0
       0
       0
       0
       0
       0
       0
       0
       0
       0
       1
       0
       0
       0
       0
       1
       1
       0
       0
       0
       0
       0
       0
       0
       0
       0
       0
       0
       0
       0
       0
       0
       0
       0
       0
       0
       0
       0
       0
       0
       0
       0
       1
       0
       0
       0
       0
       1
       0
       0
       0
       0
       0
       0
       1
       0
       0
       0
       0
       0
       0
       0
       1
       2
       2
       0
       0
       2
       0
       1
       1
       1
       2
       2
       4
       5
       1
       0
       0
       0
       0
       0
       1
       0
       0
       0
       0
       0
       0
       0
       0
       0
       0
       0
       0
       0
       0
       0
       0
       0
       0
       0
       0
       0
       0
       0
       0
       0
       0
       0
       0
       0
       0
       0
       0
       0
       0
       0
       0
       0
       0
       0
       1
       0
       0
       0
       0
       1
       0
       1
       0
       0
       0
       0
       0
       0
       0
       0
       1
       0
       0
       0
       0
       0
       0
       0
       0
       0
       0
       0
       0
       0
       0
       0
       0
       0
       0
       0
       0
       0
       0
       0
       0
       0
       0
       0
       0
       0
       0
       0
       0
       0
       0
       1
       0
       0
       0
       0
       0
       0
       0
       0
       0
       0
       0
       0
       0
       0
       0
       0
       0
       0
       1
       0
       0
       0
       0
       0
       0
       0
       0
       0
       0
       0
       0
       0
       0
       0
       0
       1
       0
       0
       0
       0
       0
       0
       0
       0
       1
       0
       0
       0
       0
       0
       0
       0
       0
       0
       0
       0
       0
       0
       0
       0
       0
       0
       0
       0
       0
       0
       0
       0
       0
       0
       0
       0
       0
       0
       0
       0
       0
       0
       0
       0
       0
       0
       0
       1
       0
       0
       0
       0
       0
       0
       0
       1
       0
       0
       0
       1
       0
       0
       0
       1
       1
       0
       0
       0
       0
       0
       0
       0
       0
       0
       0
       0
       0
       0
       1
       0
       0
       0
       0
       0
       0
       0
       0
       0
       0
       0
       0
       0
       0
       0
       0
       0
       0
       0
       0
       0
       0
       0
       0
       0
       0
       0
       0
       0
       0
       0
       0
       0
       0
       0
       0
       0
       0
       0
       0
       0
       0
       0
       0
       0
       0
       0
       0
       0
       0
       0
       0
       0
       0
       0
       0
       0
       0
       0
       0
       0
       0
       0
       0
       0
       0
       0
       0
       0
       0
       0
       0
       0
       0
       0
       0
       0
       0
       0
       0
       0
       0
       0
       0
       0
       0
       0
       0
       0
       0
       0
       0
       0
       0
       0
       0
       0
       0
       0
       0
       0
       0
       0
       0
       0
       0
       0
       0
       0
       0
       0
       0
       0
       0
       0
       0
       0
       0
       0
       0
       0
       0
       1
       0
       0
       0
       0
       0
       0
       0
       0
       0
       0
       0
       0
       0
       0
       0
       0
       0
       0
       0
       0
       0
       0
       0
       0
       0
       0
       0
       0
       0
       0
       0
       0
       1
       0
       0
       0
       0
       0
       0
       0
       0
       0
       0
       0
       0
       0
       0
       0
       1
       0
       0
       0
       0
       0
       0
       0
       0
       0
       0
       0
       0
       0
       0
       0
       0
       0
       0
       0
       1
       0
       0
       0
       0
       0
       0
       0
       1
       0
       0
       0
       0
       0
       0
       0
       0
       0
       0
       0
       0
       0
       0
       0
       0
       0
       0
       0
       0
       0
       0
       0
       0
       0
       0
       0
       0
       0
       0
       0
       0
       0
       0
       0
       0
       0
       0
       0
       1
       0
       0
       0
       1
       0
       0
       0
       0
       0
       0
       0
       0
       0
       0
       0
       0
       1
       0
       0
       0
       0
       0
       0
       0
       0
       0
       0
       0
       0
       0
       0
       0
       0
       0
       0
       0
       0
       0
       0
       0
       0
       0
       0
       0
       0
       0
       0
       0
       0
       0
       0
       0
       0
       0
       0
       0
       0
       0
       0
       0
       0
       0
       0
       0
       0
       0
       1
       0
       0
       0
       0
       0
       0
       0
       0
       0
       0
       0
       0
       0
       0
       0
       0
       0
       0
       0
       0
       0
       0
       0
       0
       0
       0
       0
       1
       0
       0
       0
       0
       1
       0
       0
       0
       0
       0
       0
       0
       0
       0
       0
       0
       0
       0
       0
       0
       0
       0
       0
       0
       0
       0
       0
       0
       0
       0
       0
       0
       0
       0
       0
       0
       0
       0
       0
       0
       0
       0
       0
       0
       0
       0
       0
       0
       0
       0
       1
       0
       0
       0
       0
       0
       0
       0
       0
       0
       0
       0
       0
       0
       0
       0
       0
       0
       0
       0
       0
       0
       0
       0
       0
       0
       0
       0
       0
       0
       0
       0
       0
       0
       0
       0
       0
       0
       0
       0
       1
       0
       0
       0
       0
       0
       0
       0
       0
       0
       0
       0
       0
       1
       0
       0
       0
       0
       1
       0
       0
       0
       0
       0
       0
       0
       0
       0
       0
       0
       0
       0
       0
       0
       0
       0
       0
       0
       0
       1
       0
       0
       0
       0
       0
       0
       0
       0
       0
       0
       0
       0
       0
       0
       0
       0
       0
       0
       0
       0
       0
       0
       0
       0
       0
       0
       0
       0
       0
       0
       0
       1
       0
       1
       0
       0
       0
       0
       0
       0
       0
       0
       0
       1
       0
       0
       0
       0
       0
       0
       0
       0
       0
       0
       0
       0
       0
       0
       0
       0
       0
       0
       0
       0
       0
       0
       0
       0
       0
       0
       0
       0
       1
       0
       0
       0
       0
       0
       0
       2
       0
       0
       0
       0
       0
       0
       0
       0
       0
       0
       0
       0
       0
       0
       0
       0
       0
       0
       0
       0
       0
       0
       0
       0
       0
       0
       0
       1
       0
       0
       0
       0
       0
       0
       0
       0
       0
       0
       0
       0
       0
       0
       0
       0
       0
       0
       0
       0
       0
       0
       0
       0
       0
       0
       0
       0
       0
       0
       0
       0
       0
       0
       0
       0
       0
       0
       0
       0
       0
       0
       0
       0
       0
       0
       0
       0
       0
       0
       0
       0
       0
       0
       0
       0
       0
       0
       0
       0
       0
       0
       0
       0
       0
       0
       0
       0
       0
       0
       0
       0
       0
       0
       0
       0
       0
       0
       0
       0
       0
       0
       0
       0
       0
       0
       0
       0
       0
       0
       0
       0
       0
       0
       0
       0
       0
       0
       0
       0
       0
       0
       0
       0
       0
       0
       0
       0
       0
       0
       0
       0
       0
       0
       0
       0
       0
       0
       0
       0
       0
       1
       0
       0
       0
       0
       0
       0
       0
       0
       0
       0
       0
       0
       0
       0
       0
       0
       0
       0
       0
       0
       0
       0
       0
       0
       0
       0
       0
       0
       0
       0
       0
       1
       0
       0
       0
       0
       0
       0
       0
       0
       0
       0
       0
       0
       0
       0
       0
       0
       0
       0
       0
       0
       0
       0
       0
       0
       0
       0
       0
       0
       0
       0
       0
       0
       0
       0
       0
       0
       0
       0
       0
       0
       0
       0
       0
       0
       0
       0
       0
       0
       0
       0
       0
       0
       0
       1
       0
       0
       0
       0
       0
       0
       0
       0
       0
       0
       0
       0
       0
       0
       0
       0
       0
       0
       0
       0
       0
       0
       0
       0
       0
       0
       0
       0
       0
       0
       0
       0
       0
       0
       0
       0
       0
       0
       0
       0
       0
       0
       0
       0
       0
       0
       0
       0
       0
       0
       0
       0
       0
       0
       0
       0
       0
       0
       0
       0
       0
       0
       0
       0
       1
       0
       1
       0
       0
       0
       0
       0
       0
       0
       0
       0
       1
       0
       0
       0
       0
       0
       0
       0
       0
       0
       1
       0
       0
       0
       0
       0
       0
       0
       0
       0
       0
       0
       0
       0
       0
       1
       0
       0
       0
       0
       0
       0
       0
       0
       0
       0
       0
       0
       0
       0
       0
       0
       0
       0
       0
       0
       0
       0
       0
       0
       0
       0
       0
       0
       0
       0
       0
       0
       0
       1
       0
       0
       0
       0
       0
       0
       0
       0
       0
       0
       0
       0
       0
       0
       0
       0
       0
       0
       0
       0
       0
       0
       0
       0
       0
       0
       0
       0
       0
       1
       0
       0
       0
       0
       0
       0
       0
       0
       1
       0
       0
       0
       0
       0
       0
       0
       0
       0
       0
       0
       0
       0
       0
       0
       0
       0
       0
       0
       0
       0
       0
       0
       0
       0
       0
       0
       0
       0
       0
       0
       0
       0
       0
       0
       0
       0
       0
       0
       0
       0
       0
       0
       0
       1
       0
       0
       0
       1
       0
       0
       0
       0
       0
       0
       0
       0
       0
       0
       0
       0
       0
       0
       0
       0
       0
       0
       0
       0
       0
       0
       0
       0
       0
       0
       0
       0
       0
       0
       0
       0
       0
       0
       0
       0
       0
       0
       0
       0
       0
       0
       0
       0
       0
       0
       0
       0
       0
       0
       0
       0
       0
       0
       0
       0
       0
       0
       0
       0
       0
       0
       0
       0
       0
       0
       0
       0
       0
       0
       0
       0
       0
       0
       0
       0
       0
       0
       0
       0
       0
       0
       0
       0
       0
       0
       0
       0
       0
       0
       0
       0
       0
       0
       0
       0
       0
       0
       0
       0
       0
       0
       1
       0
       0
       0
       0
       0
       0
       0
       0
       0
       0
       0
       0
       0
       0
       0
       0
       0
       0
       0
       0
       0
       0
       0
       0
       0
       0
       0
       0
       0
       0
       0
       0
       0
       0
       0
       0
       0
       0
       0
       0
       0
       1
       0
       0
       0
       0
       0
       0
       0
       0
       0
       0
       0
       0
       0
       0
       0
       0
       0
       0
       0
       0
       0
       0
       0
       0
       0
       0
       0
       0
       0
       0
       0
       0
       0
       0
       0
       0
       0
       0
       0
       0
       0
       0
       0
       0
       0
       0
       0
       0
       0
       0
       0
       0
       0
       0
       0
       0
       0
       0
       0
       0
       0
       0
       0
       0
       0
       0
       0
       0
       0
       0
       0
       0
       0
       0
       0
       0
       0
       1
       0
       0
       0
       0
       0
       0
       0
       0
       0
       0
       1
       0
       0
       0
       0
       0
       0
       0
       0
       0
       0
       0
       0
       0
       0
       0
       0
       0
       0
       0
       0
       0
       0
       0
       0
       0
       0
       0
       0
       0
       1
       0
       0
       0
       1
       0
       0
       1
       0
       0
       0
       0
       0
       0
       0
       0
       0
       0
       0
       0
       0
       0
       0
       0
       0
       0
       0
       2
       0
       1
       0
       1
       1
       1
       1
       0
       0
       1
       0
       0
       0
       1
       0
       2
       1
       0
       0
       1
       1
       0
       1
       1
       1
       1
       0
       0
       3
       1
       0
       1
       0
       0
       0
       0
       2
       0
       2
       2
       3
       1
       0
       1
       1
       2
       1
       0
       0
       0
       1
       2
       3
       0
       0
       0
       0
       0
       1
       1
       0
       0
       0
       1
       0
       1
       0
       0
       0
       0
       0
       1
       0
       0
       0
       1
       0
       1
       0
       0
       0
       1
       1
       0
       1
       0
       0
       2
       0
       0
       0
       0
       1
       0
       2
       1
       1
       0
       0
       2
       1
       1
       1
       0
       0
       0
       0
       0
       1
       0
       1
       2
       1
       0
       0
       1
       0
       0
       0
       0
       0
       2
       1
       0
       0
       0
       0
       0
       0
       1
       1
       1
       1
       1
       1
       0
       0
       1
       0
       0
       0
       0
       0
       2
       0
       0
       0
       0
       0
       0
       0
       0
       0
       1
       1
       0
       0
       0
       0
       1
       0
       1
       1
       2
       1
       1
       1
       1
       1
       0
       0
       2
       0
       0
       0
       0
       0
       1
       2
       0
       0
       0